1252363
1246173
1240131
1234609
1228859
1223579
1219249
1215161
1211659
1207319
1203563
1200508
1196665
1193487
1190127
1186328
1183678
1180999
1177983
1174984
1171963
1168080
1165215
1162783
1159939
1157667
1155330
1152572
1150101
1147120
1144758
1142195
1140436
1137883
1134879
1132090
1130004
1127687
1125237
1123268
1120391
1118287
1116655
1114011
1111890
1108972
1106557
1104576
1102209
1100204
1097421
1093929
1091838
1089372
1086879
1084341
1082209
1079471
1076859
1074761
1072098
1069072
1066820
1064315
1061382
1058276
1055839
1053192
1049830
1046859
1043847
1040767
1037971
1035530
1032988
1030018
1026202
1023526
1020699
1017605
1014367
1011039
1006727
1003926
1001519
997227
994700
992240
989177
985477
982777
979236
975537
972592
969498
966009
962530
958991
955649
952605
949066
945169
941819
938605
935182
931288
928443
925956
923341
919982
916504
912497
909225
905944
902660
899138
896001
893144
889672
886056
882266
878945
875630
872024
868901
865451
861857
858142
854345
851341
848254
844518
841257
838009
834994
831059
827386
823855
820327
817089
814196
810407
807488
803900
800870
798195
795296
791890
788460
785064
782034
778880
775588
772043
768106
765319
761776
758816
755500
752530
749959
747013
743902
740725
737417
734251
730964
727984
724855
721852
718867
715337
712205
709598
706713
703303
700317
697197
694697
691582
688487
685319
681775
679058
676045
673306
670348
667832
665274
662663
660166
657806
655063
652227
649420
646798
644109
641598
639400
636989
634651
632023
629601
627283
624501
621928
619397
616616
614137
611924
609326
606753
604600
602802
600678
598433
596487
594429
592140
589578
587177
585017
582680
580213
578000
575976
573816
571442
569335
567326
565212
563438
561244
559111
557101
555417
553459
551438
549158
547045
545191
543450
541520
539795
538154
536429
534601
532715
530870
529294
527807
526048
524460
522635
521006
519851
518288
516744
514832
513097
511309
509568
507988
506388
504651
502667
500908
499246
497617
496064
494471
492647
491041
489594
488398
486889
485310
483890
482444
480961
479690
478056
476507
474965
473457
472372
470851
469098
467844
466382
465045
463736
462293
461229
460133
458988
457442
456436
455366
454158
452892
451470
450243
448969
447571
446456
445207
443759
442435
441169
440213
439221
437963
436917
435788
434615
433539
432490
431418
430170
429048
428034
426884
425629
424514
423370
422295
421432
420566
419679
418870
417676
416560
415519
414631
413706
412732
411670
410867
410004
408925
408025
407131
406312
405607
404634
403822
402913
402165
401143
400420
399586
398874
397894
397021
396018
395143
394452
393641
392814
392037
391182
390331
389685
388947
388178
387535
386705
386146
385403
384716
383858
382993
382275
381365
380679
380087
379346
378772
378077
377440
376786
376263
375723
374961
374367
373677
372947
372236
371591
370914
370183
369755
368875
368289
367835
367135
366293
365585
365081
364425
363886
363288
362733
362168
361615
360892
360359
359830
359314
358656
357851
357303
356704
355940
355491
355027
354417
353815
353150
352695
352129
351657
351119
350635
350128
349715
349135
348537
348059
347554
347058
346427
345909
345403
344938
344409
343873
343279
342707
342367
342017
341583
341125
340609
340207
339623
339105
338516
338145
337615
337096
336582
336128
335744
335203
334603
334076
333736
333307
332733
332113
331673
331118
330733
330264
329779
329323
328998
328546
327964
327392
327034
326636
326295
325960
325595
325210
324858
324507
324238
323757
323389
322910
322520
322201
321661
321248
320837
320576
320189
319849
319388
319028
318660
318363
318002
317628
317308
317070
316750
316395
316041
315757
315358
315080
314667
314353
314072
313617
313285
312877
312336
311991
311684
311305
310982
310707
310360
310027
309753
309514
309181
308843
308520
308293
307931
307553
307251
307008
306646
306446
306198
305924
305643
305380
305039
304828
304454
304111
303854
303535
303296
303015
302816
302487
302250
302076
301836
301549
301251
301016
300812
300563
300303
300040
299790
299614
299422
299046
298833
298589
298342
298099
297794
297523
297269
297014
296784
296498
296049
295761
295528
295235
294945
294623
294390
294176
293892
293638
293363
293118
292887
292719
292493
292297
292053
291878
291655
291425
291239
290999
290747
290579
290363
290130
289893
289728
289526
289346
289060
288912
288596
288377
288150
287949
287657
287494
287299
287130
286886
286692
286498
286336
286136
285910
285682
285508
285266
285021
284793
284559
284399
284226
283968
283792
283648
283444
283246
283022
282826
282633
282448
282315
282008
281755
281572
281442
281252
281051
280844
280666
280544
280366
280192
280014
279827
279556
279394
279251
279041
278807
278532
278316
278194
278036
277887
277748
277543
277464
277332
277254
276992
276826
276694
276520
276355
276173
276059
275865
275689
275479
275281
275028
274944
274846
274708
274541
274379
274238
274106
273970
273717
273507
273285
273167
273006
272890
272703
272561
272440
272294
272165
272020
271845
271701
271564
271417
271231
271068
270956
270818
270614
270526
270392
270262
270143
270027
269855
269659
269433
269259
269149
268975
268882
268718
268544
268388
268226
268016
267946
267830
267706
267550
267440
267302
267160
267058
266917
266731
266591
266367
266209
266117
265992
265842
265644
265528
265412
265256
265090
265018
264901
264748
264616
264442
264286
264208
264063
263953
263863
263749
263632
263554
263470
263286
263134
263044
262949
262773
262675
262523
262407
262295
262191
262123
262029
261869
261731
261579
261483
261365
261294
261156
261029
260865
260779
260673
260561
260386
260238
260130
259936
259866
259751
259682
259598
259508
259419
259211
259142
259016
258888
258810
258710
258594
258518
258410
258326
258248
258112
258014
257934
257857
257729
257580
257478
257316
257148
257050
256902
256805
256715
256615
256492
256421
256309
256168
256030
255939
255797
255687
255561
255492
255434
255363
255304
255214
255123
255025
254929
254849
254733
254581
254507
254447
254391
254291
254225
254077
253984
253815
253733
253614
253445
253319
253215
253108
253042
252912
252834
252762
252625
252583
252462
252352
252266
252209
252135
252035
251977
251912
251820
251774
251697
251612
251560
251480
251374
251306
251216
251104
251066
251018
250924
250844
250765
250681
250613
250523
250435
250334
250283
250173
250097
249995
249947
249868
249776
249686
249606
249553
249461
249393
249340
249313
249199
249139
249053
248964
248889
248779
248687
248635
248597
248507
248411
248317
248216
248122
248008
247956
247868
247792
247667
247587
247481
247435
247355
247259
247168
247100
247032
246938
246884
246808
246740
246665
246613
246531
246486
246428
246376
246314
246224
246172
246068
246010
245912
245876
245834
245749
245687
245609
245525
245483
245408
245334
245278
245234
245180
245106
245050
244952
244865
244783
244721
244641
244565
244515
244429
244334
244313
244221
244163
244085
244025
243926
243864
243714
243678
243626
243516
243446
243379
243315
243251
243213
243174
243122
243064
243008
242948
242871
242805
242761
242707
242683
242641
242551
242451
242372
242314
242280
242202
242130
242076
242016
241956
241846
241788
241724
241693
241635
241577
241544
241460
241410
241348
241283
241205
241149
241097
241033
240961
240905
240865
240798
240762
240704
240629
240567
240530
240406
240348
240278
240208
240130
240058
239940
239895
239803
239749
239681
239581
239495
239425
239373
239313
239217
239095
239037
238983
238927
238836
238750
238704
238544
238437
238377
238285
238204
238146
238120
238044
237982
237952
237890
237838
237794