199304
199342
199425
199319
199318
199401
199590
199632
199547
199716
199776
199842
199965
199859
199843
199628
199575
199553
199545
199815
199645
199657
199512
199383
199662
199654
199692
199790
199667
199568
199640
199458
199672
199574
199684
199625
199585
199573
199159
199179
199183
199292
199441
199676
199548
199583
199397
199399
199370
199626
199763
199656
199696
199512
199541
199662
199388
199145
199063
199132
199241
199087
199028
199072
199121
199393
199304
199147
199104
199127
199272
199195
199286
199369
199207
199157
199219
199277
199024
198934
198850
198839
198626
198723
198619
198506
198305
198336
198341
198143
198108
197973
198145
198048
197833
197869
197899
197722
197661
197669
197717
197467
197335
197335
197081
196917
196708
196419
196564
196714
196605
196354
196119
195768
195552
194905
194517
194308
194085
193809
193376
192968
192669
192343
191942
191459
191244
190696
190281
190016
189684
189304
188794
188417
188025
187541
186887
186318
185610
184944
184225
183499
182735
181917
181085
180348
179831
178990
177981
177167
176442
175493
174588
173719
172858
172001
171159
170378
169809
169037
168188
167271
166327
165612
164756
163927
163238
162373
161597
160782
160219
159497
158721
157934
157130
156399
155703
154828
153983
153209
152477
151771
150975
150277
149528
148804
148034
147372
146799
146192
145378
144809
144132
143414
142754
142086
141488
140913
140190
139629
139113
138456
137940
137410
136870
136459
135936
135334
134768
134224
133591
133215
132623
132065
131575
131049
130470
130043
129648
129200
128678
128167
127625
127223
126815
126376
125962
125515
124965
124487
124067
123576
123159
122707
122299
121866
121409
121010
120508
120142
119824
119472
119179
118796
118467
118027
117529
117146
116659
116324
115909
115504
115252
114987
114536
114226
113844
113623
113181
112802
112409
112074
111705