-2058
-2250
-2147
-1963
-1850
-1607
-1719
-1865
-2075
-2057
-2181
-2322
-2367
-2153
-1978
-2016
-2366
-2707
-2726
-2359
-2803
-2891
-2906
-3072
-3022
-2839
-2533
-2664
-2685
-2381
-2256
-2015
-2136
-2380
-2424
-2933
-2942
-3311
-3222
-3376
-3312
-3102
-3151
-3231
-3398
-3105
-3099
-3119
-2998
-2893
-2944
-2656
-2486
-2547
-2678
-2447
-2428
-2338
-2765
-2952
-2763
-2467
-2640
-2537
-2542
-2353
-2472
-2514
-2484
-2370
-2583
-2539
-2473
-2454
-2360
-2577
-3054
-2977
-3117
-3205
-3459
-3450
-3492
-3701
-3679
-3744
-3794
-3932
-4043
-4178
-4481
-4770
-4935
-5142
-5095
-5211
-5152
-5310
-5172
-5248
-5299
-5616
-5611
-5647
-6126
-6503
-6856
-7290
-7543
-7999
-8329
-8550
-8810
-9094
-9469
-9620
-9516
-9750
-9895
-10255
-10522
-11106
-11468
-11983
-12328
-12720
-13162
-13613
-14043
-14387
-14672
-15038
-15390
-15730
-16179
-16856
-17545
-18139
-18652
-19197
-19933
-20408
-20958
-21743
-22380
-22984
-23577
-24129
-24733
-25341
-25945
-26507
-27123
-27595
-28075
-28667
-29204
-29831
-30375
-31017
-31621
-32343
-32884
-33400
-33945
-34474
-34958
-35449
-35996
-36448
-36976
-37457
-37943
-38628
-39032
-39555
-40023
-40429
-40857
-41288
-41776
-42198
-42610
-43113
-43506
-43990
-44376
-44879
-45224
-45649
-45938
-46262
-46644
-46956
-47306
-47862
-48256
-48575
-48922
-49293
-49561
-49885
-50214
-50526
-50815
-51147
-51526
-51863
-52180
-52582
-52818
-53139
-53495
-53840
-54115
-54500
-54882
-55207
-55475
-55761
-56036
-56246
-56474
-56669
-56960
-57294
-57507
-57814
-58073
-58274
-58531
-58802
-59069
-59308
-59577
-59774
-60041
-60278
-60536
-60774
-61027
-61312
-61551
-61732
-62124
-62327
-62562
-62757
-62997
-63233
-63442
-63679
-63930
-64137
-64319
-64497
-64707
-64948
-65184
-65500
-65679
-65886
-66099