-303
-462
-587
-636
-372
-450
-500
-549
-614
-726
-663
-542
-504
-788
-816
-793
-760
-673
-709
-542
-479
-672
-837
-802
-881
-966
-934
-842
-784
-796
-796
-880
-980
-781
-930
-1165
-1079
-1209
-1132
-1175
-1120
-1165
-1167
-1243
-1252
-1329
-1415
-1570
-1604
-1682
-1758
-1827
-1960
-1925
-2195
-2466
-2459
-2537
-2566
-2581
-2792
-3046
-3012
-3312
-3405
-3580
-3746
-3931
-4096
-4279
-4389
-4476
-4565
-4673
-4779
-4913
-5028
-5141
-5219
-5299
-5418
-5515
-5598
-5692
-5774
-5854
-5957
-6020
-6091
-6138
-6173
-6235
-6287
-6351
-6406
-6480
-6489
-6510
-6552
-6565
-6612
-6650
-6688
-6718
-6762
-6799
-6806
-6834
-6872
-6888
-6922
-6956
-6982
-6988
-7002
-7024
-7029
-7035
-7043
-7053
-7059
-7083
-7097
-7114
-7120
-7125
-7152
-7155
-7169
-7194
-7198
-7199
-7205
-7206
-7207
-7229
-7229
-7235
-7237
-7239
-7239
-7248
-7256
-7263
-7263
-7277
-7284
-7284
-7290
-7292
-7296
-7296
-7298
-7315
-7315
-7317
-7328
-7342
-7346
-7348
-7348
-7348
-7351
-7351
-7353
-7353
-7358
-7358
-7359
-7359
-7362
-7362
-7377
-7382
-7391
-7400
-7400
-7400
-7400
-7400
-7414
-7414
-7414
-7416
-7416