-343
-460
-531
-496
-316
-421
-534
-326
-299
-393
-530
-495
-386
-535
-614
-566
-512
-582
-553
-580
-522
-518
-504
-572
-679
-707
-583
-506
-643
-454
-429
-499
-708
-649
-638
-592
-541
-481
-635
-512
-409
-658
-490
-502
-515
-349
-584
-552
-621
-593
-541
-616
-656
-701
-736
-712
-745
-634
-710
-627
-562
-712
-695
-773
-944
-780
-681
-680
-682
-854
-905
-827
-834
-668
-867
-694
-922
-790
-867
-965
-1188
-1116
-1248
-1185
-1200
-1139
-1408
-1423
-1307
-1439
-1369
-1525
-1604
-1422
-1367
-1446
-1526
-1649
-1877
-1967
-2025
-2208
-2207
-2284
-2316
-2429
-2684
-2817
-2953
-3137
-3297
-3514
-3678
-3752
-3849
-4036
-4185
-4293
-4481
-4540
-4634
-4759
-4821
-5011
-5133
-5233
-5300
-5387
-5428
-5510
-5639
-5704
-5767
-5801
-5894
-5929
-5973
-6009
-6045
-6067
-6078
-6134
-6175
-6221
-6262
-6296
-6345
-6385
-6432
-6474
-6484
-6497
-6532
-6543
-6563
-6586
-6621
-6644
-6675
-6687
-6708
-6727
-6742
-6763
-6779
-6799
-6812
-6828
-6830
-6848
-6863
-6882
-6883
-6886
-6895
-6897
-6901
-6910
-6916
-6924
-6928
-6928
-6940
-6944
-6957
-6969
-6981
-6985
-6989
-6992
-6993
-6995
-7007
-7014
-7015
-7027
-7032
-7036
-7042
-7042
-7042
-7052
-7071
-7075
-7086
-7086
-7086
-7086
-7095
-7095
-7096
-7100
-7110
-7115
-7123
-7126
-7126
-7130
-7136
-7144
-7149
-7152
-7152
-7155
-7167
-7174
-7174
-7174
-7175
-7181
-7185