-751
-528
-582
-510
-574
-556
-496
-629
-873
-647
-647
-645
-621
-579
-662
-465
-735
-762
-612
-657
-641
-582
-750
-724
-776
-626
-403
-529
-382
-621
-737
-586
-777
-530
-712
-541
-766
-994
-930
-718
-620
-769
-895
-694
-611
-754
-822
-662
-645
-469
-582
-801
-663
-803
-879
-856
-781
-934
-945
-1028
-932
-742
-835
-836
-1018
-1030
-1037
-969
-1183
-896
-978
-940
-1083
-1177
-1168
-1070
-1278
-1239
-1195
-1455
-1064
-1335
-1214
-1446
-1515
-1757
-1781
-1965
-2042
-2108
-2048
-2074
-2168
-1974
-1868
-2104
-2239
-2321
-2483
-2837
-2954
-3193
-3382
-3489
-3527
-3531
-3813
-3975
-4212
-4454
-4700
-4890
-4926
-5131
-5315
-5591
-5720
-5850
-6028
-6168
-6258
-6275
-6347
-6429
-6503
-6598
-6684
-6786
-6918
-7013
-7052
-7086
-7136
-7144
-7199
-7282
-7357
-7383
-7415
-7435
-7471
-7506
-7531
-7561
-7596
-7624
-7638
-7644
-7676
-7704
-7736
-7751
-7759
-7778
-7806
-7829
-7840
-7853
-7866
-7888
-7906
-7907
-7923
-7938
-7943
-7953
-7958
-7972
-7984
-7992
-7996
-8005
-8011
-8011
-8032
-8039
-8039
-8045
-8050
-8051
-8051
-8055
-8065
-8078
-8078
-8084
-8085
-8095
-8104
-8115
-8115
-8115
-8113
-8129
-8133
-8153
-8157
-8161
-8169
-8171
-8177
-8188
-8193
-8197
-8200
-8209
-8209
-8210
-8215
-8225
-8225
-8231
-8239
-8239
-8249
-8259
-8261
-8266
-8266
-8266
-8271
-8271
-8271
-8280
-8282
-8287
-8287
-8287
-8292
-8297
-8300