-3844
-20629
-36714
-49985
-62290
-74172
-85090
-95041
-104499
-113827
-122374
-130445
-138259
-145692
-153002
-159868
-166278
-172737
-178751
-184432
-189968
-195771
-201383
-206609
-212082
-216966
-222037
-227086
-231781
-236397
-240899
-244928
-249538
-253604
-257947
-261839
-265537
-269690
-273683
-277522
-281012
-284663
-288394
-291856
-294983
-298057
-301385
-304944
-308235
-311116
-314615
-317937
-321144
-324131
-326964
-329681
-332277
-334981
-337570
-340475
-342971
-345738
-348330
-350978
-353494
-356066
-358762
-361243
-363792
-366175
-368548
-370908
-373115
-375677
-377971
-380222
-382232
-384481
-386767
-388827
-391144
-393452
-395336
-397403
-399381
-401251
-403463
-405466
-407385
-409230
-411146
-413004
-415108
-417169
-418899
-420840
-422599
-424604
-426301
-427918
-429512
-431102
-432762
-434577
-436243
-437940
-439668
-441315
-442990
-444628
-446187
-447686
-449132
-450759
-452413
-453943
-455466
-456887
-458525
-460121
-461667
-463061
-464463
-465766
-467113
-468316
-469634
-471037
-472319
-473534
-474755
-476051
-477563
-478817
-480378
-481775
-483103
-484397
-485760
-486977
-488253
-489625
-490937
-492225
-493517
-494753
-495981
-496999
-498163
-499155
-500281
-501352
-502414
-503381
-504551
-505707
-506759
-507779
-508837
-509864
-510756
-511870
-512899
-514075
-515032
-516109
-516991
-518087
-519041
-520122
-521184
-522169
-523180
-524173
-525061
-526056
-527122
-528211
-529131
-530026
-530981
-531925
-532944
-533900
-534811
-535616
-536620
-537551
-538442
-539276
-540147
-540852
-541666
-542384
-543229
-544080
-544899
-545823
-546790
-547531
-548342
-549039
-549933
-550821
-551731
-552597
-553382
-554126
-554912
-555698
-556327
-556992
-557811
-558518
-559354
-560089
-560731
-561497
-562224
-562931
-563658
-564419
-564931
-565570
-566231
-566832
-567505
-568076
-568719
-569389
-570072
-570739
-571400
-572055
-572632
-573252
-573894
-574570
-575262
-575894
-576391
-577049
-577818
-578398
-579064
-579709
-580316
-581043
-581615
-582306
-582828
-583445
-584067
-584724
-585426
-585873
-586425
-587030
-587597
-588154
-588698
-589322
-589992
-590490
-591045
-591621
-592080
-592721
-593263
-593872
-594406
-595037
-595623
-596139
-596537
-597017
-597453
-597945
-598406
-598969
-599606
-600164
-600688
-601168
-601615
-602146
-602691
-603142
-603613
-603921
-604359
-604744
-605179
-605652
-606205
-606727
-607246
-607753
-608298
-608726
-609134
-609613
-610132
-610693
-611146
-611746
-612202
-612644
-613071
-613539
-613940
-614354
-614785
-615125
-615524
-615930
-616291
-616672
-617005
-617413
-617925
-618422
-618758
-619218
-619583
-619932
-620342
-620696
-621045
-621372
-621692
-621989
-622264
-622612
-622980
-623259
-623664
-624024
-624448
-624900
-625225
-625641
-626107
-626462
-626892
-627232
-627594
-627894
-628200
-628580
-628971
-629334
-629639
-629984
-630312
-630654
-631013
-631412
-631744
-632026
-632417
-632734
-633067
-633418
-633770
-634070
-634310
-634622
-635042
-635417
-635700
-636032
-636326
-636619
-636895
-637221
-637576
-637903
-638137
-638531
-638834
-639157
-639550
-639819
-640191
-640478
-640821
-641170
-641498
-641773
-642071
-642322
-642656
-642874
-643142
-643466
-643751
-644078
-644417
-644719
-645009
-645371
-645654
-645883
-646090
-646383
-646689
-646927
-647228
-647513
-647732
-647987
-648215
-648444
-648648
-648944
-649271
-649481
-649702
-650000
-650281
-650521
-650787
-651001
-651258
-651513
-651723
-651974
-652226
-652527
-652698
-652996
-653285
-653505
-653772
-653978
-654145
-654349
-654552
-654802
-655045
-655314
-655512
-655716
-655901
-656149
-656373
-656606
-656859
-657082
-657303
-657505
-657727
-658002
-658219
-658368
-658545
-658768
-658929
-659047
-659227
-659512
-659744
-659982
-660154
-660362
-660595
-660868
-661066
-661284
-661557
-661802
-662010
-662230
-662432
-662683
-662884
-663106
-663338
-663502
-663749
-663938
-664191
-664388
-664606
-664842
-665078
-665266
-665498
-665710
-665924
-666101
-666299
-666521
-666735
-666949
-667164
-667326
-667513
-667720
-667874
-668107
-668282
-668449
-668568
-668772
-668937
-669170
-669350
-669482
-669646
-669896
-670122
-670267
-670413
-670567
-670748
-670958
-671190
-671364
-671563
-671742
-671897
-672035
-672159
-672400
-672580
-672747
-672931
-673098
-673249
-673412
-673506
-673632
-673775
-673932
-674096
-674280
-674413
-674630
-674792
-674957
-675120
-675295
-675395
-675538
-675666
-675811
-675967
-676151
-676359
-676524
-676719
-676854
-677001
-677162
-677325
-677445
-677580
-677754
-677888
-678049
-678201
-678401
-678526
-678741
-678932
-679053
-679185
-679356
-679457
-679610
-679780
-679946
-680110
-680321
-680430
-680609
-680725
-680867
-680980
-681082
-681254
-681426
-681570
-681695
-681862
-682010
-682178
-682338
-682536
-682713
-682823
-682938
-683059
-683158
-683277
-683365
-683469
-683584