0 1 8
0 2 9
0 3 14
0 4 10
0 5 18
0 6 20
0 7 13
0 8 16
0 9 17
0 10 7
0 11 10
0 12 5
0 13 15
0 14 20
1 2 11
1 3 20
1 4 19
1 5 14
1 6 20
1 7 5
1 8 5
1 9 19
1 10 9
1 11 14
1 12 19
1 13 9
1 14 10
2 3 17
2 4 11
2 5 13
2 6 10
2 7 5
2 8 13
2 9 17
2 10 5
2 11 18
2 12 17
2 13 7
2 14 17
3 4 13
3 5 16
3 6 16
3 7 17
3 8 10
3 9 5
3 10 5
3 11 15
3 12 7
3 13 12
3 14 6
4 5 14
4 6 5
4 7 12
4 8 7
4 9 14
4 10 9
4 11 13
4 12 20
4 13 5
4 14 12
5 6 15
5 7 6
5 8 8
5 9 18
5 10 7
5 11 15
5 12 8
5 13 10
5 14 14
6 7 8
6 8 19
6 9 11
6 10 14
6 11 11
6 12 12
6 13 20
6 14 12
7 8 19
7 9 10
7 10 19
7 11 11
7 12 7
7 13 8
7 14 10
8 9 17
8 10 7
8 11 17
8 12 9
8 13 12
8 14 15
9 10 11
9 11 8
9 12 17
9 13 11
9 14 14
10 11 15
10 12 14
10 13 6
10 14 15
11 12 19
11 13 12
11 14 18
12 13 8
12 14 19
13 14 6
0 13 10
