0 1 7
0 2 19
0 3 11
0 4 17
0 5 13
0 6 5
0 7 18
0 8 20
0 9 7
0 10 11
0 11 12
0 12 10
0 13 12
0 14 11
1 2 6
1 3 11
1 4 9
1 5 10
1 6 6
1 7 13
1 8 8
1 9 5
1 10 10
1 11 12
1 12 12
1 13 6
1 14 20
2 3 11
2 4 20
2 5 7
2 6 12
2 7 17
2 8 20
2 9 5
2 10 8
2 11 6
2 12 7
2 13 12
2 14 18
3 4 13
3 5 18
3 6 17
3 7 6
3 8 16
3 9 18
3 10 9
3 11 6
3 12 17
3 13 8
3 14 13
4 5 11
4 6 15
4 7 18
4 8 16
4 9 16
4 10 15
4 11 17
4 12 7
4 13 20
4 14 9
5 6 15
5 7 13
5 8 7
5 9 6
5 10 18
5 11 16
5 12 9
5 13 5
5 14 15
6 7 15
6 8 14
6 9 19
6 10 8
6 11 18
6 12 8
6 13 16
6 14 6
7 8 6
7 9 9
7 10 5
7 11 9
7 12 14
7 13 11
7 14 6
8 9 6
8 10 18
8 11 14
8 12 19
8 13 20
8 14 8
9 10 18
9 11 14
9 12 15
9 13 9
9 14 15
10 11 17
10 12 15
10 13 11
10 14 13
11 12 17
11 13 17
11 14 12
12 13 5
12 14 8
13 14 12
14 15 11
0 13 10