0 40 10
0 3 13
1 3 19
1 46 15
2 4 6
2 48 5
2 41 16
2 45 5
3 17 19
3 12 15
3 40 12
4 6 13
4 48 6
4 39 9
4 42 19
5 44 19
5 6 8
5 16 8
5 19 19
6 8 15
6 39 13
7 9 11
7 42 19
7 21 9
8 9 14
8 43 14
8 23 5
9 10 10
9 11 14
9 40 11
10 12 10
10 32 20
11 26 20
11 15 19
11 34 9
12 14 10
12 43 18
13 14 12
13 15 12
14 15 15
14 17 15
14 25 17
14 29 20
15 17 6
15 36 15
16 49 10
16 35 10
17 22 20
18 20 14
18 36 5
18 24 14
19 23 19
19 45 18
19 27 8
20 24 7
20 47 12
20 44 12
21 22 7
21 34 17
22 25 10
22 30 16
23 24 14
23 25 19
24 26 8
24 49 17
24 36 9
25 27 6
26 27 15
26 28 13
26 37 5
27 28 13
27 29 6
28 29 5
28 30 6
29 31 18
29 32 8
30 31 8
30 32 16
30 42 14
31 32 6
31 33 10
32 33 12
32 35 20
33 34 12
33 35 15
33 49 16
35 36 13
35 44 20
36 37 10
37 49 20
37 48 8
38 39 17
38 40 11
40 41 5
41 43 9
44 45 7
45 46 17
46 47 14
47 49 13
48 49 7
49 50 10
50 51 7
50 52 16
51 99 9
51 87 13
51 69 16
52 53 7
52 54 15
52 83 16
53 55 10
53 92 15
53 57 8
54 56 17
54 74 20
54 99 6
55 56 11
55 57 17
55 92 10
56 88 8
56 62 17
56 86 18
57 78 9
58 70 12
58 92 15
59 61 16
59 88 16
60 62 11
60 66 6
61 63 12
61 64 15
61 69 12
62 63 17
62 64 5
63 65 10
63 69 5
64 91 9
64 96 15
64 88 7
65 67 12
65 75 11
65 79 19
66 67 16
66 68 17
66 88 15
67 68 5
67 69 11
68 70 6
68 96 16
68 81 13
69 97 19
69 80 6
69 72 20
70 71 15
70 72 6
70 89 9
71 83 14
71 91 5
71 97 15
72 83 18
73 74 5
73 77 16
73 87 11
74 75 15
74 85 11
75 76 19
75 94 7
76 94 18
76 85 6
77 79 7
78 79 15
78 99 9
78 94 19
78 98 5
79 80 6
80 82 18
80 92 7
81 88 8
82 83 6
82 84 8
82 91 7
83 85 13
84 85 16
84 86 15
84 89 5
85 86 7
85 87 8
86 99 16
87 88 7
87 89 18
88 90 8
88 93 15
88 96 9
90 91 19
90 92 12
91 92 16
92 94 16
93 96 20
94 95 11
95 96 10
95 97 7
98 99 7
0 98 10
