21059.553050804618
18199.33793412957
16259.692641760272
14914.638111147047
13705.268213525875
12530.088874206822
11659.889037639472
10917.702136755728
10382.746899542515
9886.065906633234
9517.830754044304
9197.4358955418
8877.52493183097
8567.592825718213
8285.304449434376
8001.322526924795
7724.124293505434
7498.351009970242
7294.073483343421
7091.982641421652
6900.404125659717
6715.532814662666
6557.343357863177
6419.471760072508
6281.749061074228
6146.658196056943
6025.06632307038
5901.947520202215
5789.582761596059
5680.3497582978525
5580.054119140754
5479.674260641383
5379.090560062621
5281.528341358792
5185.388229081232
5088.386697312059
5000.572028574506
4912.637126894775
4826.035878359028
4742.931431339975
4666.166540655525
4589.222085331839
4514.041392326414
4440.377039789439
4368.696318893379
4300.282554172287
4235.03853927891
4170.781245663942
4106.996570473139
4046.3694955850324
3986.401195575368
3926.5260353014733
3871.6065739498217
3817.3523712643832
3763.409640222601
3710.093147063607
3658.5277646939253
3606.7253829181273
3555.2149635266733
3505.1738826579895
3458.56960267587
3412.7207223884093
3366.938442635563
3321.339076367227
3277.4673216836395
3235.0962664804097
3192.61759843645
3149.872796388123
3110.745598377124
3072.8488227366297
3035.34256059413
2997.6076260321984
2960.690608736241
2924.419767830171
2888.209492567577
2853.685990245023
2819.402296567818
2784.8177660361243
2751.351890039951
2718.308861367017
2686.0574597579307
2653.9638349347715
2623.4324956175865
2593.0510240700933
2563.192331271293
2533.2226973328043
2503.9307763720653
2475.118138931054
2446.2613412240617
2417.194718928407
2389.7151937354975
2362.2787171548475
2335.2089554633603
2308.372723210378
2281.4446979219324
2254.7570290236577
2228.8054175780876
2203.0026211523286
2178.676719819162
2154.5661672614838
2131.1811830371767
2107.774891226002
2084.395433846227
2061.682575141553
2039.7240055657858
2018.5823054309458
1997.398003797029
1976.3032044740908
1955.8500481161627
1935.354665201175
1915.1965871637397
1895.3834879833457
1875.8715758843066
1856.910674939384
1838.145070068595
1820.0380155642974
1802.0636097175625
1784.3842045575911
1766.5950456462654
1749.0535028639847
1731.4962793849918
1714.3894889219373
1697.6273943438553
1680.9166363473598
1664.698485323181
1648.8599473266545
1633.2748848157378
1617.7366760739687
1602.4222178687787
1587.303616454259
1572.3931711928155
1557.8467417403172
1543.5332503642258
1529.249963548349
1514.9854045512404
1500.8221207406116
1486.9926316197616
1473.656191184839
1460.321714928253
1447.3258295803132
1434.324154618978
1421.5715111373838
1408.8360888497132
1396.4667117989334
1384.386374947478
1372.3903235366136
1360.5940970937609
1348.7265896954616
1337.1341751686696
1325.635954361492
1314.5434570221878
1303.5141564202577
1292.4791895623578
1281.7464450714142
1271.2512307063314
1260.8015672693637
1250.2803050302439
1239.9646308680776
1229.7520930663295
1219.9713141976501
1210.1811914225068
1200.5559592443708
1190.980092508408
1181.3691145759276
1171.9277056976641
1162.7953844001281
1153.6210689200575
1144.5128479495404
1135.5877586135343
1126.6256762983187
1117.8998514558716
1109.2123621581754
1100.6872124392598
1092.3038901218622
1083.9124522909124
1075.6464082775033
1067.4542099191287
1059.3509703886236
1051.4572896694772
1043.5602852121149
1035.6910664192199
1027.8650725666198
1020.0484383451485
1012.4610840680056
1004.9725134434229
997.4529978297427
990.0020658913467
982.6342863421855
975.3805569834337
968.0935662725022
960.9717154247138
953.810620831049
946.7580123693909
939.8521599399174
932.9889884975281
926.1467954179344
919.4210590148494
912.7513376052814
906.126745773843
899.5759451960917
893.1352728635403
886.7054950373822
880.3006376474415
873.9658392350492
867.6958621689448
861.4040100296952
855.0795348374626
848.9966626508032
842.9003746509513
836.8401905062925
830.8426336724524
824.8361079521187
818.8877416915202
813.0521656078091
807.2399009741216
801.4600834440985
795.6891172073547
789.969303179701
784.3565496804741
778.7605044376368
773.3207663902958
767.9104441510644
762.5340261720313
757.1880230704558
751.8080425808727
746.4780129864421
741.1824757906021
735.9805696348516
730.8240393120504
725.679434690634
720.5468125378934
715.466976229339
710.4312933505953
705.3712793583519
700.3736869752369
695.3916273125488
690.5015761460542
685.6373121921697
680.7810731447726
675.9950747265049
671.1973777129965
666.4013297644642
661.6277405479773
656.8929056454936
652.2151866941844
647.526268284472
642.8822580332504
638.2753847520225
633.6760339313432
629.0857888485772
624.54660864363
620.0738962197842
615.644378210932
611.213452425065
606.8049726696953
602.451183256291
598.1053145736109
593.7926319874603
589.4633614437685
585.1649847833064
580.8719855947259
576.5922341442595
572.3237637751288
568.1120981268659
563.9347931519076
559.7762807006796
555.6581735394349
551.5768463434304
547.5116423655263
543.4693787053936
539.4526345543569
535.4403284212722
531.4119427181389
527.4134625234651
523.4167749790537
519.4321454428556
515.4557498715653
511.5344124301129
507.65501306828526
503.8133725316981
499.9487813015857
496.1237782586245
492.31967418777276
488.5249453742839
484.76224035114194
481.0363498283076
477.33051118780406
473.6177510748706
469.9683100802644
466.3057370311768
462.66675987880745
459.08126569834116
455.47585365333305
451.8773584915103
448.32862832616513
444.7810768193747
441.23876499565944
437.72222251912353
434.24181889994446
430.77377683401636
427.3139984766476
423.8805712477005
420.46628266443565
417.0351939972232
413.60930054381737
410.2088974251036
406.86367331439953
403.5261508278813
400.1743091269643
396.8368108935741
393.5246802603732
390.2412136373936
386.95379918135046
383.6807910419037
380.4291965706303
377.1922002623237
373.9750644213399
370.7418536963771
367.5978610502715
364.4549733793392
361.33255684645076
358.21513155081544
355.10912293340397
352.00996277991726
348.9464786880624
345.8898172666481
342.8605696646553
339.8241468888597
336.7944333615627
333.8014200296044
330.7909792021733
327.78596870173527
324.7969401611887
321.81842836153453
318.84775709166377
315.8704273394643
312.9138882093913
309.9683990114989
307.04192890908456
304.1192601945007
301.187919960349
298.2594928048711
295.38147937340875
292.55911691075715
289.71862903510686
286.8767109829039
284.0668805817284
281.2760567297869
278.5095078618449
275.7417100649069
272.9905348103687
270.2660476758572
267.5497577662521
264.840824698793
262.1280600176513
259.48386575358563
256.840163044858
254.21159607650483
251.58642501036448
248.95489826756372
246.31401898102592
243.6893820349412
241.08608149652258
238.52734296030027
235.95428326725238
233.4197917666965
230.87882331835286
228.3655157911962
225.89393234438518
223.41051160974087
220.93829403171702
218.459215216237
215.99495058885816
213.50528346310446
211.0449145585738
208.59255062896585
206.1602091818882
203.75395440994856
201.3773427662639
199.02350175427785
196.69703877175508
194.34852404924985
192.01030884502038
189.6724942791124
187.33797726790783
185.03202356364395
182.73806254944282
180.4611221255326
178.1715810713792
175.9048822302032
173.6689706052382
171.4338828686029
169.18990075556346
166.98235774534405
164.76314495643132
162.55016610971185
160.3212822618199
158.11268460883204
155.93471756166488
153.74640817511175
