0 8 0 0 0 0 0 4 0 0 0 0 4 6 9 0 0 0 4 0 0 0 0 0 0 0 7 0 0 5 9 0 4 6 0 0 0 7 0 6 0 8 0 3 0 0 0 8 5 0 2 1 0 0 9 0 0 0 0 0 0 0 5 0 0 0 7 8 1 0 0 0 0 6 0 0 0 0 0 1 0
5 8 6 1 2 7 9 4 3 7 2 3 4 6 9 8 5 1 4 9 1 8 5 3 2 6 7 1 3 5 9 7 4 6 2 8 2 7 9 6 1 8 5 3 4 6 4 8 5 3 2 1 7 9 9 1 7 2 4 6 3 8 5 3 5 2 7 8 1 4 9 6 8 6 4 3 9 5 7 1 2
117
123
125
129
131
135
135
135
137
138
138
138
138
136
136
137
137
137
139
140
141
141
141
141
142
141
141
142
142
142
143
143
147
145
145
145
145
146
147
146
146
147
145
145
148
148
148
148
147
146
146
146
145
144
146
146
145
144
144
145
147
147
148
148
148
149
149
148
148
147
148
148
148
147
147
147
146
146
146
146
146
148
147
147
147
147
147
147
146
147
147
147
148
146
146
146
146
146
146
145
145
145
145
145
145
146
146
147
146
150
152
152
152
152
152
151
152
151
151
148
148
148
148
148
148
148
148
148
148
148
146
148
150
152
152
152
154
154
153
153
151
151
151
151
152
153
153
154
154
154
154
154
154
154
154
154
154
154
154
154
154
154
154
154
154
154
154
154
154
154
154
154
154
154
154
154
154
152
152
152
152
152
152
154
154
154
154
154
154
154
154
154
154
154
154
154
154
154
154
154
154
152
154
154
154
154
154
154
154
154
154
154
154
154
154
154
154
154
154
154
154
154
154
154
153
153
153
153
154
153
154
154
154
154
154
154
154
154
154
154
154
154
154
154
154
154
154
154
154
154
152
151
151
151
154
154
154
154
154
154
154
154
154
153
153
152
151
151
151
152
152
151
151
152
152
152
152
153
153
153
154
154
154
154
154
154
154
154
154
154
154
154
154
154
153
153
153
152
152
152
152
152
151
153
153
153
153
153
153
153
153
151
152
152
152
152
154
154
154
154
154
154
154
154
154
154
154
154
154
154
152
152
150
150
150
151
151
153
152
152
152
152
152
152
152
152
151
151
151
151
151
152
152
151
148
148
148
148
147
147
147
148
148
150
152
152
152
152
151
151
151
151
151
151
152
152
152
152
152
152
152
152
152
152
152
152
152
152
152
152
152
152
152
152
152
152
152
151
151
149
149
149
149
148
148
148
148
148
148
148
148
148
148
148
149
151
151
151
154
154
154
154
152
152
152
152
154
154
154
154
154
154
154
152
151
153
154
154
154
154
154
154
154
154
151
154
154
154
154
154
154
154
154
154
154
154
154
154
154
154
154
154
154
153
153
153
153
153
153
153
153
153
153
153
153
153
153
153
153
155
155
155
155
155
155
155
155
155
153
155
155
154
154
154
154
154
154
154
155
155
155
153
153
153
153
152
152
152
152
152
152
152
152
152
152
153
153
153
153
153
153
153
153
153
153
152
152
152
152
152
153
153
153
153
153
153
152
152
152
152
152
151
151
150
149
149
148
148
147
147
147
147
148
148
148
150
150
150
151
149
150
149
151
151
151
151
151
151
151
151
151
151
151
151
151
153
153
153
153
153
153
153
153
153
151
151
151
152
152
152
152
152
152
152
152
152
152
152
152
152
152
152
152
152
152
152
154
154
152
152
152
153
153
153
153
153
152
152
152
152
152
153
153
153
156
156
156
156
156
156
156
156
156
156
156
156
156
156
156
156
156
156
154
153
153
154
154
154
154
154
154
154
154
154
154
154
152
152
151
151
151
151
151
151
151
154
154
154
154
154
154
154
154
154
154
154
153
154
154
154
156
156
156
156
156
155
153
152
152
152
152
152
152
152
154
156
156
156
156
156
156
156
156
156
156
156
156
156
156
156
156
156
156
156
156
153
153
154
152
154
154
156
156
156
156
156
158
158
158
158
158
158
158
158
158
157
157
157
157
156
157
155
154
154
153
154
154
154
152
153
152
154
154
153
154
154
155
155
155
155
156
153
153
152
152
152
152
153
153
153
153
153
153
154
154
154
154
154
155
155
155
155
154
154
154
155
155
155
155
155
155
155
154
154
154
154
154
154
154
154
154
154
155
155
155
155
155
155
155
155
155
154
155
155
155
155
155
155
154
155
155
155
155
155
155
155
155
155
155
155
155
156
156
156
156
157
157
157
157
157
155
155
154
154
154
154
153
154
154
154
154
154
154
153
154
154
154
152
152
152
152
152
152
152
152
152
152
152
151
151
151
152
154
155
154
154
154
154
154
154
154
154
154
154
154
154
154
154
154
154
154
155
155
155
155
155
155
155
155
155
158
158
158
158
158
158
158
158
158
158
158
158
158
160
160
160
160
160
160
160
160
160
160
160
160
160
160
160
160
160
160
160
160
160
160
160
160
158
158
158
158
157
157
157
157
158
158
158
158
158
158
160
160
160
160
160
160
160
160
160
160
160
160
160
160
160
160
160
160
160
160
160
160
160
160
160
160
160
160
160
160
160
160
160
160
160
160
160
160
160
160
160
160
160
160
160
160
160
160
160
160
160
160
160
160
160
160
160
160
160
160
160
160
160
160
160
160
160
160
160
160
160
160
160
160
160
160
160
160
160
158
158
158
158
157
158
158
158
160
160
160
160
160
160
160
160
160
160
160
160
160
160
160
160
160
160
160
160
160
160
160
160
160
160
160
160
160
160
160
160
160
160
160
160
160
160
160
160
160
160
160
160
160
160
160
160
160
160
160
160
160
160
160
160
160
160
160
160
160
160
160
160
160
160
160
160
158
158
158
158
158
158
158
160
160
160
160
160
160
158
158
160
160
160
160
160
160
160
160
160
160
160
158
158
158
158
158
158
158
158
158
158
158
157
156
158
158
158
158
160
160
160
160
160
160
160
160
160
160
160
160
160
160
160
160
160
160
160
158
160
160
160
160
160
160
160
0