1 0 0 9 2 0 0 0 0 5 2 4 0 1 0 0 0 0 0 0 0 0 0 0 0 7 0 0 5 0 0 0 8 1 0 2 0 0 0 0 0 0 0 0 0 4 0 2 7 0 0 0 9 0 0 6 0 0 0 0 0 0 0 0 0 0 0 3 0 9 4 5 0 0 0 0 7 1 0 0 6
1 7 6 9 2 3 5 8 4 5 2 4 8 1 7 6 3 9 8 9 3 6 5 4 2 7 1 9 5 7 3 4 8 1 6 2 6 3 8 1 9 2 4 5 7 4 1 2 7 6 5 3 9 8 2 6 5 4 8 9 7 1 3 7 8 1 2 3 6 9 4 5 3 4 9 5 7 1 8 2 6
117
121
123
124
126
127
132
132
133
135
136
136
137
137
137
136
138
137
139
141
141
141
141
140
140
140
140
138
138
139
138
140
142
141
141
142
143
143
143
143
144
145
145
145
145
144
145
145
145
145
145
145
142
143
143
142
142
145
142
145
145
145
145
145
145
143
143
143
144
144
144
146
146
146
146
146
146
146
146
147
147
147
147
148
148
148
148
148
145
144
144
144
146
146
146
148
152
152
152
152
152
154
154
154
154
154
154
154
154
154
154
154
154
154
154
152
152
152
152
152
152
152
152
154
154
154
154
154
154
154
154
154
154
154
154
154
154
154
154
152
152
154
154
154
153
150
151
151
150
150
150
150
150
150
150
151
151
152
152
151
151
151
151
150
150
151
152
154
154
154
154
153
153
153
153
153
153
152
152
151
151
151
151
151
148
148
148
148
149
148
150
150
148
147
147
148
148
148
148
150
150
150
151
151
151
151
149
149
151
150
148
148
149
149
149
148
148
148
148
148
146
148
148
148
148
148
150
150
149
149
149
148
148
148
148
152
153
153
153
152
153
153
152
152
152
152
152
152
152
152
153
153
153
153
153
153
153
153
153
153
153
153
153
152
151
149
149
149
149
149
149
148
148
148
148
148
149
149
149
149
149
149
151
151
151
152
150
150
148
147
150
148
152
154
154
154
154
154
154
154
154
154
154
154
154
154
154
154
154
154
154
154
154
154
154
154
154
152
152
152
152
152
151
152
152
153
153
153
153
154
154
154
154
154
154
156
156
156
156
156
156
156
156
156
156
156
156
156
156
156
156
156
156
155
155
155
155
155
153
153
153
153
153
153
155
153
153
153
155
155
155
155
155
152
152
152
150
149
149
149
149
149
149
149
149
150
150
150
153
153
153
154
154
154
153
153
153
153
153
153
153
153
151
151
151
150
150
150
152
151
151
151
151
151
151
149
149
149
154
154
154
154
154
154
154
154
154
154
154
154
154
152
152
152
152
152
151
151
151
151
151
150
150
153
153
153
153
153
153
153
153
153
153
153
153
153
153
153
153
153
153
153
153
149
149
150
148
151
151
151
151
150
150
150
151
151
151
151
151
151
151
150
150
150
150
150
152
151
151
151
151
151
151
151
151
151
151
151
152
152
152
152
151
152
153
153
153
153
152
152
152
150
150
151
151
150
150
150
150
150
148
148
148
147
146
146
146
147
147
146
146
147
148
150
149
149
148
148
149
149
147
147
145
146
148
148
146
146
147
147
147
145
145
146
146
146
146
146
146
146
145
147
149
149
152
153
151
151
151
151
153
153
153
153
151
150
150
149
149
149
149
149
148
148
147
148
148
149
149
149
149
150
150
149
149
149
151
151
151
151
151
151
151
151
151
151
150
150
151
151
149
149
149
151
151
151
151
151
151
151
151
154
154
154
154
154
154
154
154
154
153
153
153
153
153
153
153
153
154
154
154
154
154
154
154
154
154
154
154
152
152
152
152
152
152
152
152
152
152
151
151
153
154
154
154
154
154
154
154
154
154
154
154
154
153
152
152
152
152
152
151
151
151
151
151
151
151
151
152
152
152
152
151
151
152
152
152
152
152
152
152
153
153
153
154
154
153
153
153
153
154
154
153
153
153
153
153
152
154
154
154
154
154
154
154
154
154
154
154
154
150
151
151
153
153
154
154
154
154
154
154
154
154
154
154
154
154
154
154
154
154
154
154
154
154
154
154
154
154
154
154
152
151
151
150
151
151
151
151
151
151
151
150
150
148
147
147
149
149
151
151
151
151
150
149
149
149
149
148
148
148
148
149
149
149
150
150
150
150
150
150
150
150
150
150
150
150
151
151
155
155
155
155
155
152
152
154
154
154
154
154
153
154
154
154
153
153
151
151
152
152
152
152
154
154
154
154
154
154
154
152
152
152
152
154
154
154
154
154
154
154
154
154
154
154
156
156
156
156
156
156
156
156
156
156
156
156
156
156
156
156
156
156
156
156
156
156
156
154
154
154
154
154
154
154
154
154
154
154
154
154
156
156
156
156
156
156
156
156
153
154
154
156
156
156
156
156
156
154
154
154
154
154
155
157
157
157
157
157
157
157
157
154
154
154
154
154
154
156
156
158
158
158
158
158
158
158
154
154
154
154
154
154
154
154
154
154
154
154
154
154
154
154
154
154
154
154
154
154
154
154
154
154
154
154
154
153
153
153
152
152
152
152
152
152
153
153
153
151
149
151
151
151
152
152
152
152
152
152
152
152
152
152
152
154
154
154
154
154
154
154
154
154
154
154
154
154
154
154
154
154
154
154
154
154
154
154
154
154
154
154
154
154
154
154
156
156
157
157
157
157
157
157
157
158
157
157
158
158
158
158
158
158
158
156
156
155
155
155
155
155
155
155
155
155
155
155
155
153
153
153
153
155
155
155
155
155
154
155
155
153
154
154
154
154
154
154
154
154
154
154
154
154
154
154
154
154
154
154
155
155
155
154
154
154
154
154
154
156
156
157
157
157
157
157
157
157
157
157
157
157
157
157
157
157
157
157
157
156
156
156
156
156
156
156
157
158
158
158
158
158
158
158
158
158
158
158
158
158
158
158
158
158
158
158
156
154
154
154
153
153
153
153
153
153
153
153
153
153
153
153
155
155
155
155
154
154
154
154
154
154
154
154
154
154
154
154
150
150
150
154
154
154
154
154
154
154
154
154
154
155
155
156
155
155
155
156
156
158
158
158
158
158
158
158
158
158
158
158
158
158
158
158
158
157
157
158
158
158
158
158
158
158
158
158
158
158
158
158
158
158
158
158
158
158
158
158
158
158
158
158
158
158
158
158
158
158
158
158
158
158
158
158
158
158
158
158
158
158
158
158
158
158
158
158
158
158
158
158
158
156
158
158
158
158
158
158
158
158
158
158
158
158
158
158
158
158
158
158
158
158
158
158
158
158
158
158
158
158
160
160
160
160
158
158
158
158
158
158
160
160
160
160
160
160
160
160
160
160
160
160
160
160
160
160
160
160
160
160
160
160
160
160
158
158
158
158
158
158
159
159
159
159
159
159
159
159
159
159
159
159
157
157
157
157
157
159
159
159
159
159
159
159
159
159
159
160
160
160
160
160
160
160
160
160
160
160
160
160
160
160
160
160
160
160
160
160
160
160
160
160
160
160
160
160
160
160
160
158
158
158
158
158
158
158
160
160
160
160
160
160
160
160
160
160
160
160
160
160
160
160
160
160
160
160
158
158
158
158
158
158
158
158
158
158
158
158
158
158
158
158
158
158
158
158
158
158
160
160
160
160
160
160
158
158
158
158
158
158
157
157
157
157
157
157
158
158
158
158
158
158
158
158
158
158
158
158
158
158
158
158
158
158
158
158
158
158
158
158
158
158
158
158
158
158
158
158
158
158
158
158
158
158
158
158
158
158
158
158
158
157
157
158
158
158
158
158
158
158
158
158
158
158
158
158
158
158
158
158
158
158
158
158
158
158
158
158
160
160
160
160
160
160
160
160
160
160
160
160
160
160
160
160
160
160
160
160
159
159
159
159
159
159
159
159
159
159
159
159
159
159
159
159
159
159
159
159
159
159
159
159
159
159
159
159
159
159
159
159
159
159
159
159
159
159
159
159
159
159
159
159
160
160
160
160
160
160
160
0