112
113
118
123
124
124
130
136
136
136
135
134
134
136
140
140
142
142
141
142
142
142
142
142
144
145
146
146
148
149
147
148
148
148
147
148
148
149
149
149
149
149
149
149
150
150
150
150
150
150
150
150
150
150
150
150
150
149
149
150
150
150
148
150
150
150
150
150
150
150
151
152
152
149
148
148
147
146
146
146
146
146
144
144
144
144
144
143
144
143
146
147
147
147
146
147
148
148
148
148
148
148
148
147
147
146
147
147
148
148
149
149
149
151
152
152
152
152
150
150
150
150
150
149
151
151
149
151
151
150
149
151
151
151
151
151
151
151
151
151
151
151
149
149
149
149
148
148
150
150
150
150
150
149
147
148
148
149
149
149
147
147
147
147
149
149
149
149
149
149
150
150
151
154
154
154
154
154
153
156
156
156
156
156
156
156
155
154
154
154
154
154
154
154
156
156
156
156
156
156
156
156
154
153
153
152
152
151
156
156
156
156
156
156
156
156
156
156
156
156
156
156
156
156
158
156
156
156
156
156
156
156
156
156
155
155
155
155
155
155
155
155
155
155
155
154
154
154
154
154
154
154
155
155
155
155
157
156
158
158
160
160
160
160
160
160
160
160
160
158
158
158
158
156
156
156
156
156
156
156
156
156
156
156
156
154
154
154
154
152
154
152
152
152
152
152
154
154
154
154
154
154
154
154
154
154
154
154
153
152
153
153
153
153
153
153
153
153
153
151
151
151
151
151
151
151
151
151
151
151
152
153
152
153
153
153
153
153
153
153
154
154
154
154
154
153
153
153
153
153
153
153
153
153
153
153
153
154
154
154
154
154
154
154
154
154
154
153
154
154
154
154
153
153
153
151
151
152
151
149
149
149
149
149
150
150
150
150
151
151
151
151
151
151
151
151
151
150
150
151
151
151
153
153
153
153
155
155
155
155
155
155
153
153
153
153
153
154
154
154
154
154
154
154
154
153
153
153
153
153
153
153
153
153
153
153
153
153
153
153
152
151
151
151
151
151
152
152
152
152
153
153
151
152
152
152
151
152
152
152
150
151
151
152
152
152
151
151
151
151
151
151
151
151
151
151
151
151
151
151
150
151
151
150
150
150
150
147
147
147
147
147
147
146
146
146
146
147
147
146
146
146
148
148
148
148
150
150
152
152
152
152
152
152
152
152
152
151
151
149
149
149
149
149
149
150
152
152
153
153
153
153
153
153
153
153
152
150
148
148
149
151
151
152
152
152
152
152
152
151
152
154
154
154
154
154
155
155
155
156
156
156
156
156
156
156
155
155
155
154
154
154
154
154
154
154
154
154
154
154
153
153
154
156
156
156
156
156
156
156
156
156
156
156
156
156
156
155
155
155
155
155
155
155
153
153
155
155
155
155
153
153
153
153
153
153
153
153
153
153
153
153
153
153
153
151
151
151
153
153
153
151
151
151
151
151
151
149
149
149
148
149
149
149
149
149
149
149
152
152
152
152
152
152
152
154
154
154
154
154
154
154
154
154
154
154
152
152
152
152
154
156
156
158
158
160
160
160
160
160
160
160
158
160
158
158
158
158
158
158
158
158
158
158
158
158
158
160
160
160
160
160
160
160
160
160
160
160
160
160
160
160
160
160
160
160
160
160
160
160
160
160
160
160
160
160
160
160
160
160
160
160
160
160
160
160
160
160
160
160
160
160
160
160
160
160
158
158
158
158
158
158
160
160
160
160
160
160
160
160
160
160
160
160
160
160
160
160
160
160
160
160
160
160
160
160
160
160
160
160
160
160
160
160
160
160
160
160
160
160
160
160
160
160
160
160
160
160
158
158
158
158
158
158
158
158
156
158
158
158
158
160
160
160
160
160
160
160
160
160
160
160
160
160
160
158
158
158
158
158
158
158
158
158
158
158
158
158
158
158
158
158
160
160
160
160
160
160
160
160
160
160
160
160
160
160
160
160
160
160
160
160
160
160
160
160
160
160
160
160
160
160
160
160
160
160
160
160
160
160
160
160
160
160
160
160
160
160
160
160
160
158
158
158
158
158
158
158
158
158
158
158
158
157
157
158
158
158
158
158
158
158
158
158
158
158
158
156
158
158
158
158
158
158
158
156
156
156
156
157
155
155
155
155
155
155
156
158
156
157
157
157
157
157
157
157
157
157
159
159
159
159
159
158
158
158
158
158
158
158
156
156
156
158
158
158
158
158
158
158
158
158
158
158
158
158
156
156
158
160
157
160
160
160
160
160
160
160
160
160
160
160
160
160
160
160
160
160
160
160
160
158
160
160
160
160
160
160
160
160
158
158
158
158
158
158
158
158
158
158
158
158
158
158
158
158
158
158
158
158
158
158
158
157
157
158
158
158
158
158
158
158
158
156
156
156
156
160
160
160
160
160
160
160
160
160
160
160
160
160
160
160
160
160
160
160
160
160
160
160
160
160
160
160
160
160
160
160
160
160
160
160
160
160
160
160
160
160
160
160
160
160
160
160
160
160
160
160
160
160
160
160
160
160
160
160
160
158
158
157
157
157
157
157
157
157
157
157
157
157
157
158
158
158
158
157
157
157
157
157
157
157
157
157
157
157
157
157
157
157
156
156
156
156
156
156
156
156
156
157
157
157
157
157
157
157
157
157
157
157
157
157
157
157
157
157
157
157
156
158
160
160
160
160
160
160
160
160
160
160
160
160
160
160
160
160
158
158
158
158
158
158
158
158
158
158
158
156
156
156
156
156
156
156
156
158
158
158
158
158
158
157
157
157
157
157
156
156
156
156
156
156
158
158
158
158
158
158
158
158
158
158
158
158
158
158
158
158
158
158
158
158
160
160
160
160
160
160
160
160
160
160
160
160
160
160
160
160
160
160
160
160
160
160
160
160
3