2 0 0 0 8 0 3 0 0 0 6 0 0 7 0 0 8 4 0 3 0 5 0 0 2 0 9 0 0 0 1 0 5 4 0 8 0 0 0 0 0 0 0 0 0 4 0 2 7 0 6 0 0 0 3 0 1 0 0 7 0 4 0 7 2 0 0 4 0 0 6 0 0 0 4 0 1 0 0 0 3
2 4 5 9 8 1 3 7 6 1 6 9 2 7 3 5 8 4 8 3 7 5 6 4 2 1 9 9 7 6 1 2 5 4 3 8 5 1 3 4 9 8 6 2 7 4 8 2 7 3 6 9 5 1 3 9 1 6 5 7 8 4 2 7 2 8 3 4 9 1 6 5 6 5 4 8 1 2 7 9 3
122
126
125
124
131
131
133
133
133
133
135
133
132
133
136
137
139
139
139
140
145
145
143
143
143
144
144
142
142
141
141
140
140
142
142
142
142
142
141
143
142
142
141
142
142
141
143
145
145
145
147
147
148
148
148
147
147
149
148
146
149
149
149
148
148
148
148
148
148
150
152
152
152
152
152
152
152
152
152
152
152
152
152
152
152
152
150
150
150
149
149
149
150
150
152
152
150
150
149
146
146
147
147
147
146
146
145
145
146
144
146
146
144
145
145
146
144
144
146
146
146
149
147
147
146
146
146
146
146
146
146
147
147
148
150
151
152
152
151
151
152
152
150
150
151
151
151
150
151
151
151
151
151
151
151
150
150
149
149
148
148
150
150
149
148
148
147
147
147
147
146
146
147
147
148
148
148
149
147
147
147
145
149
149
151
151
150
150
150
149
149
150
150
150
150
150
150
152
152
152
150
150
149
149
150
150
149
148
148
147
147
149
150
150
150
150
150
149
149
149
150
149
149
150
150
150
149
151
152
152
152
152
152
151
151
151
153
153
153
152
151
152
151
149
149
149
152
152
152
152
152
152
152
154
154
154
154
154
154
154
154
154
154
154
154
154
156
156
156
156
156
156
156
156
156
156
156
156
156
156
156
155
155
155
155
155
155
155
155
157
157
157
157
157
158
158
158
158
158
157
157
157
157
157
157
157
155
155
155
155
155
158
158
158
158
158
158
158
155
155
155
155
155
155
156
156
156
158
158
158
158
158
158
158
158
160
160
160
160
160
160
160
160
160
160
160
160
160
160
160
160
160
160
160
160
160
160
160
160
160
160
160
160
160
160
160
160
160
160
160
160
160
160
160
160
160
158
158
158
158
158
158
158
158
158
158
158
158
158
158
158
158
158
158
158
158
157
157
157
157
158
158
158
158
158
158
158
160
160
160
160
160
160
160
160
160
160
160
160
160
160
160
160
160
160
160
160
160
160
160
160
160
160
160
160
160
160
160
160
160
160
160
160
160
160
160
160
160
160
160
160
160
160
158
158
158
158
158
158
158
158
158
158
158
158
158
158
158
158
156
156
158
158
158
157
158
158
158
158
158
158
158
158
158
158
158
158
158
158
158
158
158
160
160
160
160
160
160
160
160
160
160
160
160
160
160
160
160
160
158
158
158
158
158
156
156
158
158
158
160
160
160
160
160
160
160
160
160
160
160
160
160
160
160
160
160
160
160
160
160
160
160
158
157
158
158
158
158
158
156
156
156
156
156
158
158
158
158
158
158
157
157
157
157
157
157
157
157
157
158
158
158
158
158
158
158
158
158
157
157
158
158
158
158
158
158
158
158
160
160
160
160
160
160
160
160
160
0