0 0 3 5 0 2 9 0 0 0 0 0 0 4 0 0 0 0 1 0 6 0 0 0 3 0 5 9 0 0 2 5 1 0 0 8 0 7 0 4 0 8 0 3 0 8 0 0 7 6 3 0 0 1 3 0 8 0 0 0 1 0 4 0 0 0 0 2 0 0 0 0 0 0 5 1 0 4 8 0 0
7 4 3 5 1 2 9 8 6 5 8 9 3 4 6 2 1 7 1 2 6 9 8 7 3 4 5 9 3 4 2 5 1 7 6 8 6 7 1 4 9 8 5 3 2 8 5 2 7 6 3 4 9 1 3 9 8 6 7 5 1 2 4 4 1 7 8 2 9 6 5 3 2 6 5 1 3 4 8 7 9
124
124
125
126
128
135
133
134
135
134
136
136
135
136
137
137
138
138
137
137
141
143
143
142
143
143
144
145
146
146
147
148
148
148
149
149
148
149
149
149
149
149
149
149
151
150
150
149
149
151
151
151
151
151
151
151
149
149
149
149
151
151
150
150
150
151
151
151
151
151
151
151
151
151
151
150
149
149
149
151
151
151
151
151
151
151
152
152
152
154
154
154
154
154
154
154
154
154
154
154
154
154
154
154
154
154
154
156
156
156
156
156
156
156
156
156
156
156
156
156
156
156
156
156
154
153
153
153
153
153
153
153
152
152
151
151
151
151
151
152
152
150
150
150
150
150
150
150
150
151
152
152
152
152
153
153
153
153
154
154
154
154
154
155
155
155
155
155
155
155
155
155
153
153
152
152
153
155
154
153
152
152
153
152
152
152
152
153
153
153
152
152
152
152
152
152
152
152
152
153
153
153
153
153
153
153
153
153
153
153
155
155
153
152
152
152
152
152
152
152
152
152
152
152
152
152
152
152
152
152
152
151
151
151
149
149
148
148
148
148
147
147
147
148
148
148
147
144
144
144
144
144
143
145
146
146
144
143
145
143
143
142
142
146
146
145
145
147
147
147
147
147
147
147
150
150
150
150
150
149
149
148
147
148
148
148
148
148
148
149
149
149
149
149
149
149
149
150
150
150
150
150
150
150
150
150
151
151
151
151
152
152
152
150
150
150
150
149
149
148
148
148
145
147
147
147
146
147
147
147
147
147
148
148
148
148
148
148
148
148
147
147
150
150
149
149
149
149
149
149
149
150
150
150
150
152
150
150
151
151
150
150
150
150
150
150
150
148
150
150
150
150
150
150
150
150
150
150
150
148
148
149
149
149
149
149
148
150
150
150
151
151
151
150
150
150
150
151
151
151
151
151
151
151
149
149
150
148
148
148
148
147
148
148
148
149
148
148
148
148
148
148
147
148
148
150
150
150
150
150
151
151
151
151
151
151
151
151
151
151
151
150
149
149
151
151
151
151
151
151
151
151
152
152
152
152
152
152
152
152
152
152
152
152
154
154
154
154
154
154
154
153
153
153
152
152
152
152
152
152
151
151
151
151
151
151
151
151
151
151
153
153
153
153
153
154
154
151
151
149
149
151
150
150
150
150
150
151
149
151
151
151
151
153
153
153
153
153
153
153
153
153
153
155
155
155
155
155
154
154
154
154
154
154
154
154
154
154
154
154
155
155
155
155
155
156
156
156
156
156
155
156
156
156
156
158
158
158
158
158
158
158
158
158
158
158
158
158
158
158
158
158
158
158
158
158
158
158
158
158
158
158
158
158
158
158
158
158
156
158
158
158
158
158
158
158
158
158
158
158
158
158
158
158
158
156
158
158
158
158
158
158
159
159
159
159
159
159
159
159
159
159
157
157
157
157
158
158
158
156
156
158
158
158
158
158
158
158
158
158
158
158
158
158
158
156
156
156
156
156
156
156
156
154
154
154
156
156
156
156
158
158
157
157
157
157
157
157
157
157
157
157
157
158
158
158
158
158
158
158
158
158
158
158
158
158
158
158
158
158
158
158
156
156
156
156
156
156
156
156
156
155
155
155
154
154
154
154
154
154
153
153
153
153
153
152
152
152
154
154
154
155
155
155
155
155
155
156
156
156
156
156
156
156
156
156
156
156
156
156
156
156
156
156
156
156
156
158
158
158
158
160
160
160
160
160
160
160
160
160
160
160
160
160
160
160
160
160
160
160
160
160
160
160
160
160
160
160
160
160
160
160
160
160
160
160
160
160
160
160
0