4 8 0 0 0 6 9 0 2 0 0 2 0 0 8 0 0 1 9 0 0 3 7 0 0 6 0 8 4 0 0 1 0 2 0 0 0 0 3 7 0 4 1 0 0 0 0 1 0 6 0 0 4 9 0 2 0 0 8 5 0 0 7 7 0 0 9 0 0 6 0 0 6 0 9 2 0 0 0 1 8
4 8 7 1 5 6 9 3 2 3 6 2 4 9 8 7 5 1 9 1 5 3 7 2 8 6 4 8 4 6 5 1 9 2 7 3 5 9 3 7 2 4 1 8 6 2 7 1 8 6 3 5 4 9 1 2 4 6 8 5 3 9 7 7 3 8 9 4 1 6 2 5 6 5 9 2 3 7 4 1 8
120
122
125
129
133
136
137
139
139
142
141
141
142
143
143
144
144
146
147
147
147
147
145
146
146
146
148
147
148
153
153
153
153
152
151
151
152
152
152
154
156
156
156
156
156
155
155
154
151
151
151
151
151
152
152
151
149
149
153
155
155
154
152
152
151
152
152
152
151
151
151
150
150
150
150
148
147
147
148
149
149
149
149
151
153
154
156
156
156
156
156
156
156
156
156
156
156
156
156
156
156
156
156
158
157
157
157
157
157
157
158
158
160
160
160
158
158
158
158
158
158
158
160
160
160
160
160
160
160
160
160
160
160
160
160
160
160
160
158
160
160
160
160
158
158
160
0