0 0 0 0 0 0 0 0 0 0 0 9 8 0 5 1 0 0 0 5 1 9 0 7 4 2 0 2 9 0 4 0 1 0 6 5 0 0 0 0 0 0 0 0 0 1 4 0 5 0 8 0 9 3 0 2 6 7 0 9 5 8 0 0 0 5 1 0 3 6 0 0 0 0 0 0 0 0 0 0 0
7 8 2 6 1 4 3 5 9 4 3 9 8 2 5 1 7 6 6 5 1 9 3 7 4 2 8 2 9 3 4 7 1 8 6 5 5 6 8 3 9 2 7 1 4 1 4 7 5 6 8 2 9 3 3 2 6 7 4 9 5 8 1 9 7 5 1 8 3 6 4 2 8 1 4 2 5 6 9 3 7
122
122
123
123
129
130
136
137
137
139
139
139
139
140
139
140
141
141
141
142
143
143
143
143
146
146
148
149
149
149
149
149
148
148
149
149
148
148
148
148
148
148
148
147
148
148
148
148
148
148
151
151
151
150
150
151
151
151
151
151
151
151
152
152
152
151
149
150
149
149
151
151
151
151
151
151
151
151
149
149
149
149
150
150
152
152
151
152
152
152
152
151
151
151
151
151
151
152
153
151
151
151
153
153
156
155
155
156
156
156
156
156
154
153
153
153
153
153
155
155
153
153
153
153
153
153
153
153
153
154
154
154
154
154
154
154
154
156
156
156
155
155
153
153
153
153
154
154
154
154
154
154
154
154
155
155
155
155
155
155
155
155
153
153
153
153
153
153
154
154
154
154
154
154
154
154
154
154
154
154
155
152
153
153
153
153
153
153
153
153
153
153
153
152
150
150
151
151
151
151
151
151
151
149
149
148
148
150
150
150
150
150
150
150
150
151
151
151
151
151
151
151
151
151
151
153
153
153
153
153
153
153
153
153
152
152
153
152
150
150
150
150
150
150
150
150
150
150
150
148
148
148
148
150
148
148
148
148
148
148
147
148
147
147
148
148
149
149
149
148
150
148
148
148
150
151
151
152
152
152
151
151
152
154
154
154
154
154
154
154
154
154
154
152
152
152
152
154
154
154
154
154
154
154
154
154
154
154
154
154
154
154
154
154
154
154
154
154
153
153
154
154
154
154
154
152
152
153
152
154
153
152
152
152
151
151
151
150
150
151
151
151
151
152
152
152
152
152
152
152
150
150
150
149
148
148
148
151
149
149
150
148
152
152
152
152
151
154
154
154
154
154
154
154
154
154
154
154
154
154
154
154
156
156
156
156
156
156
156
156
156
156
154
154
154
153
153
153
152
152
153
153
153
153
153
153
153
153
155
155
155
155
155
156
156
156
156
155
154
154
154
154
155
155
155
155
155
155
155
154
154
154
154
154
152
152
153
153
153
151
151
151
151
153
153
153
153
153
153
153
153
154
154
154
154
154
154
154
152
154
154
154
154
154
154
156
156
156
155
153
153
154
154
154
154
152
153
153
153
153
153
153
153
153
154
154
154
154
154
154
154
154
154
154
154
154
153
153
153
153
153
153
153
153
153
151
151
151
151
151
151
151
151
151
151
151
151
151
151
151
151
151
152
152
152
152
152
152
153
153
151
153
153
153
153
153
153
153
153
153
153
152
152
152
152
152
152
151
153
153
153
151
151
151
153
154
154
154
154
153
153
152
152
152
152
150
150
148
150
150
152
153
153
154
153
153
153
153
152
152
152
154
154
154
156
156
156
156
156
156
156
156
156
156
156
156
156
156
156
156
156
156
156
156
156
156
156
156
156
156
156
156
154
154
154
154
154
154
154
153
153
153
154
154
154
154
154
154
154
152
150
152
154
154
154
155
155
155
156
156
156
156
156
156
155
155
155
155
155
156
156
156
156
154
154
155
156
156
156
156
156
156
156
156
156
156
156
156
156
156
156
156
156
156
156
156
156
156
156
157
157
157
156
156
156
156
156
158
158
158
158
154
154
153
153
153
153
153
153
154
153
153
154
154
152
152
155
155
155
155
155
155
155
155
157
156
156
157
157
158
158
158
157
157
157
157
158
158
158
158
158
158
158
158
158
158
158
158
158
158
158
158
158
158
160
160
160
160
160
160
160
160
160
160
160
160
160
160
159
159
157
157
159
159
159
159
159
159
159
159
159
159
159
159
159
160
160
160
160
160
160
160
160
160
160
160
160
160
160
160
160
160
160
160
160
160
160
160
160
160
160
160
160
160
160
160
160
158
158
157
157
157
157
157
157
157
156
154
154
152
152
152
154
155
157
157
157
157
157
158
158
158
158
158
160
160
160
160
160
160
160
160
160
160
160
160
160
160
160
160
160
160
160
160
160
160
160
160
160
160
160
160
160
160
160
160
160
160
160
160
160
160
160
160
160
160
160
160
160
160
160
160
160
160
160
158
158
158
157
158
158
158
158
158
158
158
156
156
156
156
158
158
160
160
160
160
160
160
160
160
160
160
160
160
160
160
160
160
160
160
160
160
160
160
160
160
160
160
160
160
160
160
160
160
160
160
160
160
158
158
158
160
160
160
160
160
160
160
160
160
160
160
160
160
160
160
160
160
160
158
158
158
158
158
158
158
158
158
158
158
158
158
158
158
158
158
158
158
158
158
158
158
158
158
158
158
158
158
158
160
160
160
160
160
158
158
158
158
156
156
156
156
156
156
156
156
156
156
156
156
156
156
156
156
156
156
158
158
158
157
157
157
157
160
160
160
160
160
160
160
160
160
160
160
160
160
160
160
160
160
160
160
160
160
160
160
160
160
160
160
160
160
160
160
160
160
160
160
160
160
160
160
160
160
160
159
159
159
160
160
160
160
160
160
160
160
160
160
160
160
160
160
160
160
160
160
160
160
160
158
158
158
158
158
157
158
158
158
158
158
158
158
158
158
158
158
158
158
158
158
157
157
157
157
155
155
155
155
155
155
155
154
154
155
155
156
156
156
156
155
155
155
156
156
156
154
154
154
154
154
154
154
154
154
156
155
157
157
157
157
159
159
159
157
157
158
158
158
158
158
158
158
158
158
158
158
158
158
158
158
158
158
158
158
158
158
158
157
157
157
156
156
156
156
156
156
156
156
156
156
157
158
158
158
156
156
156
156
156
156
156
158
158
158
158
158
158
158
157
158
160
160
160
160
160
160
160
160
160
160
160
160
160
160
160
160
160
160
160
160
160
160
160
160
160
160
160
160
160
160
160
160
160
160
160
160
160
159
159
159
159
159
159
159
159
160
160
160
160
160
160
160
160
0