0 5 0 0 1 0 0 4 0 1 0 7 0 0 0 6 0 2 0 0 0 9 0 5 0 0 0 2 0 8 0 3 0 5 0 1 0 4 0 0 7 0 0 2 0 9 0 1 0 8 0 4 0 6 0 0 0 4 0 1 0 0 0 3 0 4 0 0 0 7 0 9 0 2 0 0 6 0 0 1 0
8 5 2 7 1 6 9 4 3 1 9 7 8 4 3 6 5 2 4 6 3 9 2 5 1 8 7 2 7 8 6 3 4 5 9 1 6 4 5 1 7 9 3 2 8 9 3 1 5 8 2 4 7 6 7 8 6 4 9 1 2 3 5 3 1 4 2 5 8 7 6 9 5 2 9 3 6 7 8 1 4
120
123
127
130
132
132
133
136
138
139
139
138
137
136
136
138
138
138
138
139
143
146
146
147
147
147
149
149
149
149
149
149
149
149
147
147
146
144
143
145
145
147
147
147
148
148
151
152
152
152
152
152
151
150
150
150
150
150
150
150
150
150
150
150
152
152
152
152
152
152
152
152
154
154
156
156
154
156
156
156
156
156
157
156
157
156
156
156
156
156
156
156
156
156
156
156
156
155
155
155
155
155
156
155
155
157
157
157
157
157
157
157
157
157
157
153
153
153
153
153
153
153
153
153
153
153
153
154
151
153
153
153
151
153
153
153
153
153
153
153
153
153
153
153
155
155
155
155
155
155
155
155
155
155
155
155
155
155
153
153
155
156
156
156
155
155
155
154
154
154
154
154
152
152
153
153
153
153
153
153
153
153
152
154
154
154
154
154
154
154
158
158
158
159
159
159
159
159
159
159
159
159
159
159
159
159
159
160
160
160
160
160
160
160
160
160
160
160
160
160
160
159
157
157
157
157
157
157
159
159
157
155
155
155
156
156
158
158
158
158
158
158
158
158
158
160
160
160
160
158
158
158
158
158
158
158
160
160
158
158
158
158
158
158
160
158
158
158
158
158
158
160
160
160
160
160
0