6 0 8 0 7 0 5 0 2 0 5 0 6 0 8 0 7 0 0 0 2 0 0 0 3 0 0 5 0 0 0 9 0 0 0 6 0 4 0 3 0 2 0 5 0 8 0 0 0 5 0 0 0 3 0 0 5 0 0 0 2 0 0 0 1 0 7 0 4 0 9 0 4 0 9 0 6 0 7 0 1
6 9 8 1 7 3 5 4 2 3 5 4 6 2 8 1 7 9 1 7 2 5 4 9 3 6 8 5 3 1 8 9 7 4 2 6 9 4 6 3 1 2 8 5 7 8 2 7 4 5 6 9 1 3 7 6 5 9 3 1 2 8 4 2 1 3 7 8 4 6 9 5 4 8 9 2 6 5 7 3 1
113
118
120
123
125
127
132
129
130
134
138
140
140
140
141
143
143
142
142
143
144
146
147
147
147
146
147
146
145
143
144
144
144
144
146
145
145
147
147
147
147
150
151
151
151
150
149
149
148
148
149
152
153
153
153
153
152
151
150
150
151
152
152
151
150
148
148
148
148
149
148
148
148
148
147
147
147
147
148
148
148
150
150
150
151
151
151
152
152
152
152
152
154
154
154
154
154
154
154
152
151
151
151
151
151
153
152
157
157
157
157
158
158
158
158
158
158
158
158
158
158
158
158
158
158
156
160
160
160
160
160
160
158
158
156
156
156
156
156
156
156
156
158
158
158
158
158
158
158
158
158
158
158
158
158
158
158
160
160
160
160
158
158
158
158
158
158
158
157
157
157
157
157
157
157
158
158
160
160
160
160
160
160
160
160
160
160
160
160
160
160
160
160
160
160
160
160
160
160
160
160
160
160
160
160
160
160
160
160
160
158
158
158
158
158
158
156
156
156
156
158
158
158
158
158
158
158
158
158
158
158
158
158
0