3 6 0 0 2 0 0 8 9 0 0 0 3 6 1 0 0 0 0 0 0 0 0 0 0 0 0 8 0 3 0 0 0 6 0 2 4 0 0 6 0 3 0 0 7 6 0 7 0 0 0 1 0 8 0 0 0 0 0 0 0 0 0 0 0 0 4 1 8 0 0 0 9 7 0 0 3 0 0 1 4
3 6 1 5 2 4 7 8 9 7 8 9 3 6 1 4 2 5 5 2 4 8 7 9 3 6 1 8 9 3 1 5 7 6 4 2 4 1 2 6 8 3 5 9 7 6 5 7 9 4 2 1 3 8 1 4 8 7 9 6 2 5 3 2 3 5 4 1 8 9 7 6 9 7 6 2 3 5 8 1 4
121
124
127
128
131
132
133
134
135
135
138
138
138
143
143
143
143
146
147
147
147
147
147
147
148
148
149
149
149
149
147
147
147
147
147
147
149
147
147
147
147
147
147
147
148
148
149
148
148
148
148
148
147
148
148
149
149
149
147
147
147
148
148
148
148
145
145
145
144
147
147
147
149
150
150
150
149
150
150
150
150
150
150
150
150
151
151
150
150
148
148
145
144
145
145
143
145
145
145
145
147
145
144
141
141
141
142
144
145
144
146
148
148
148
148
148
148
149
149
150
150
149
149
149
149
149
149
149
149
149
152
152
152
152
152
152
150
150
148
147
148
148
148
147
147
147
148
148
150
150
150
150
150
151
151
149
149
148
147
149
149
149
149
149
151
149
149
149
150
150
150
150
150
150
151
150
150
152
152
152
152
151
151
151
151
151
151
151
151
151
152
152
154
154
154
154
154
154
154
154
154
156
158
158
158
158
158
158
158
158
158
156
156
156
156
156
156
156
156
156
156
156
156
156
156
154
154
154
154
154
154
154
153
155
155
155
155
155
155
155
155
155
155
155
154
153
153
153
153
153
153
153
152
152
152
152
151
152
152
154
154
152
152
152
152
152
152
152
152
154
153
152
153
153
153
151
153
153
153
153
153
153
153
154
154
154
154
154
154
154
154
153
154
154
154
154
154
153
152
151
151
151
150
150
150
150
150
150
150
150
150
150
152
152
152
152
152
152
152
153
152
152
152
156
156
154
154
154
154
154
154
154
154
154
156
156
156
154
154
154
154
154
154
154
156
156
156
156
157
157
157
158
158
158
157
157
157
157
157
157
157
157
157
157
157
157
157
157
157
157
157
157
157
157
157
157
157
157
157
157
157
157
157
157
157
157
157
157
157
157
157
158
158
158
158
158
158
158
156
156
156
156
156
154
153
154
154
152
151
152
152
154
153
153
153
153
153
153
153
153
154
154
154
156
156
155
155
155
155
155
155
155
151
151
150
150
150
150
151
152
152
152
152
154
152
152
152
152
152
154
154
154
154
154
152
152
152
152
152
153
153
153
153
153
153
153
153
153
151
151
151
151
153
153
153
153
153
154
154
154
154
153
153
153
154
154
154
154
154
154
154
154
154
154
154
155
155
154
155
155
155
155
155
155
154
155
155
155
155
156
156
156
156
156
156
156
156
156
156
156
156
156
156
156
156
154
154
154
154
154
154
155
155
155
155
155
155
155
155
157
157
157
157
157
155
155
155
156
156
156
156
156
156
156
156
156
156
156
156
156
156
156
156
156
156
156
156
156
156
156
156
156
156
156
156
156
156
154
154
154
153
153
153
152
154
154
154
154
155
155
155
155
155
155
155
155
155
156
158
158
158
158
158
158
158
158
158
158
158
158
158
158
158
158
158
158
158
158
158
158
158
158
158
158
158
158
158
158
158
158
158
158
158
158
158
158
153
153
153
153
153
153
153
154
154
154
155
155
156
156
156
156
156
156
158
158
158
158
158
158
158
158
158
158
158
158
158
158
158
158
158
158
158
158
158
158
158
158
158
158
158
158
158
156
156
155
157
157
157
157
157
157
158
158
158
158
158
158
158
158
157
157
157
157
157
157
157
157
157
157
157
156
156
157
157
157
157
157
157
155
157
157
157
157
157
157
156
156
156
156
156
156
156
156
156
155
155
154
154
154
154
154
154
154
154
154
154
154
154
155
154
154
155
155
155
155
155
155
155
155
155
155
155
155
155
155
155
153
153
153
153
153
155
155
155
153
153
153
153
153
153
153
153
153
153
153
153
155
155
155
155
154
153
153
152
152
152
154
154
155
155
155
155
155
155
155
154
154
154
153
153
152
152
152
152
152
152
152
152
152
152
152
152
152
152
152
152
152
154
154
154
154
154
154
154
154
154
154
154
154
154
154
154
154
154
154
153
154
154
154
154
154
154
154
154
154
154
154
154
154
154
154
154
154
154
154
154
154
154
154
154
154
154
154
153
153
153
153
153
153
153
153
153
153
151
151
151
151
151
151
151
151
151
152
152
152
150
150
149
150
150
150
150
150
150
151
149
149
149
149
149
151
151
150
150
150
151
151
151
151
151
151
152
152
154
154
154
154
154
154
154
154
154
154
154
155
155
155
155
155
155
155
155
153
152
152
152
152
152
151
151
151
152
152
152
152
152
154
154
154
154
155
154
154
154
154
154
154
154
155
155
155
155
155
155
155
155
155
155
155
155
155
155
155
155
155
155
155
155
155
155
155
155
155
155
155
155
155
155
155
155
155
155
155
155
155
155
155
155
154
154
154
154
155
155
155
155
155
155
155
155
155
155
155
155
155
155
155
155
155
155
155
155
155
155
155
155
155
155
155
155
155
155
155
155
154
154
154
154
154
154
154
155
155
155
155
155
155
155
155
155
155
155
155
155
155
155
155
155
155
155
155
155
155
155
155
155
155
155
155
155
155
155
155
155
155
154
154
153
154
154
154
154
154
154
154
154
154
154
154
154
154
154
154
154
154
154
154
154
154
154
154
154
154
154
154
154
155
155
155
155
155
155
155
155
155
155
155
155
155
155
155
155
155
155
155
155
155
155
155
155
155
155
155
155
155
155
155
155
155
155
154
154
154
154
155
156
156
156
156
156
156
156
156
156
156
156
156
156
156
156
156
156
156
153
153
153
153
155
155
155
155
155
155
155
155
155
155
155
155
155
155
155
155
155
155
155
155
155
155
155
155
155
155
155
155
155
155
155
155
155
155
155
155
155
155
156
156
156
156
156
156
156
156
156
156
156
156
156
156
156
156
156
156
156
156
156
156
156
156
156
156
156
156
156
156
156
156
156
156
156
156
156
156
156
156
156
156
156
156
156
156
156
156
156
156
156
156
156
156
156
156
156
156
156
156
156
156
156
154
153
154
154
154
154
154
154
154
154
154
154
154
154
154
154
154
154
154
153
153
153
153
153
151
151
153
153
153
153
153
153
154
154
154
154
154
154
153
153
153
153
154
156
156
154
154
154
154
153
154
154
156
156
155
155
155
155
156
156
154
154
156
156
156
156
156
156
156
156
156
156
156
156
156
154
156
156
156
156
156
155
155
155
156
156
156
156
156
156
156
156
156
156
156
156
156
156
156
156
156
156
156
156
156
154
154
154
154
154
154
154
154
154
154
155
155
155
155
155
155
155
156
154
154
154
154
154
154
154
154
154
154
154
154
154
154
154
154
156
156
156
156
156
155
155
155
155
155
155
155
158
158
158
158
158
158
158
158
156
156
156
156
156
156
156
156
156
156
156
156
156
156
156
156
156
156
156
156
156
156
156
156
156
156
154
156
156
156
156
156
156
156
156
156
156
156
156
156
156
156
156
156
155
155
155
155
155
155
156
156
156
156
156
156
156
156
158
158
158
158
158
158
158
158
158
158
158
158
158
158
158
158
158
158
158
158
158
158
158
158
158
158
158
158
158
156
156
156
156
156
156
156
156
156
156
156
156
155
155
155
155
155
155
156
156
156
158
158
158
158
158
158
158
158
158
158
158
158
158
158
158
158
158
158
158
158
157
157
157
157
157
159
159
159
159
159
159
159
159
159
159
159
159
159
159
159
159
159
159
159
159
159
159
159
159
159
159
159
159
159
159
159
159
159
159
159
159
159
159
159
159
159
160
160
160
160
160
160
160
160
160
160
160
22