0 0 1 9 0 0 0 0 3 9 0 0 7 0 0 1 6 0 0 3 0 0 0 5 0 0 7 0 5 0 0 0 0 0 0 9 0 0 4 3 0 2 6 0 0 2 0 0 0 0 0 0 7 0 6 0 0 1 0 0 0 3 0 0 4 2 0 0 7 0 0 6 5 0 0 0 0 6 8 0 0
7 6 1 9 2 8 4 5 3 9 2 5 7 4 3 1 6 8 4 3 8 6 1 5 9 2 7 3 5 7 4 6 1 2 8 9 8 9 4 3 7 2 6 1 5 2 1 6 5 8 9 3 7 4 6 8 9 1 5 4 7 3 2 1 4 2 8 3 7 5 9 6 5 7 3 2 9 6 8 4 1
119
125
124
125
129
131
133
133
133
135
138
138
139
137
137
137
135
136
136
136
139
138
138
138
138
138
138
137
137
137
137
137
135
139
139
138
139
139
140
140
139
141
141
141
143
143
142
143
143
143
143
143
144
144
144
144
144
144
145
145
145
145
145
145
145
145
145
145
145
147
145
145
146
145
145
145
145
145
143
147
148
148
148
148
148
148
148
148
146
146
146
146
147
147
147
146
145
145
147
148
148
148
148
150
150
149
147
149
147
146
147
147
147
147
146
147
147
148
148
148
148
148
148
149
149
149
148
148
147
145
145
146
146
146
146
147
147
147
147
147
147
146
147
147
147
147
147
147
147
147
147
147
145
142
142
142
141
143
143
143
145
145
146
146
146
146
146
144
145
145
145
145
145
145
145
145
145
145
143
144
143
145
145
145
145
145
145
146
146
146
146
146
146
146
146
143
146
146
146
145
147
147
147
148
148
146
147
147
147
147
148
148
148
149
149
149
149
150
150
150
150
151
151
150
150
150
150
150
150
150
150
150
150
150
150
150
150
150
152
152
152
151
151
151
152
152
154
154
154
154
154
154
154
154
154
154
154
155
153
153
153
156
156
156
156
156
156
156
156
155
155
155
156
156
156
156
156
156
154
154
154
154
153
153
153
155
155
155
155
155
155
155
155
155
155
155
155
155
155
155
155
155
155
155
155
154
154
155
154
154
152
151
150
150
150
150
152
152
152
152
152
152
151
151
151
151
152
152
151
151
152
152
153
153
153
153
153
153
151
151
151
151
151
151
151
151
150
150
151
151
151
151
151
151
151
151
151
152
152
152
153
153
153
155
155
155
155
155
155
155
155
155
155
155
153
154
154
156
156
156
156
156
156
154
154
154
154
152
152
152
152
152
152
154
154
154
154
154
153
153
152
152
154
154
152
154
154
154
154
154
154
154
156
156
156
154
154
153
153
153
153
153
153
153
153
153
153
153
153
154
154
154
154
154
154
154
154
153
153
153
153
153
153
152
152
152
152
152
152
152
152
152
152
152
152
152
152
152
152
152
152
152
152
152
152
152
152
152
152
152
153
153
153
153
153
151
150
150
150
151
151
151
152
152
153
153
153
153
154
154
153
153
155
155
155
155
155
155
155
156
156
156
156
156
156
156
156
156
156
156
156
156
156
156
156
156
156
156
156
156
156
156
156
156
156
156
156
156
156
156
156
156
156
156
156
156
156
155
155
155
155
155
155
155
155
155
155
155
155
155
155
155
155
155
155
155
155
155
155
155
155
155
155
155
155
155
155
155
155
156
156
156
156
156
156
156
156
156
155
155
155
155
155
155
156
156
156
155
155
154
154
155
155
155
155
156
155
155
155
155
155
154
155
156
156
156
158
158
158
158
158
158
158
158
158
158
158
158
158
158
158
158
158
158
158
158
157
157
157
157
157
158
157
157
157
157
157
157
157
157
157
157
157
157
157
155
156
158
158
158
158
158
158
158
158
158
158
158
158
158
158
158
158
158
158
158
158
158
158
158
158
158
158
158
158
158
158
158
158
158
158
158
158
158
158
158
158
158
158
158
158
158
158
158
158
158
156
156
156
156
156
156
155
155
155
155
154
154
152
150
148
148
148
149
149
149
150
151
151
151
151
151
151
152
152
152
152
152
152
152
152
152
153
152
152
152
152
152
152
152
152
152
152
152
152
152
152
153
153
153
152
153
153
151
151
151
151
151
151
151
151
151
151
150
150
150
150
151
151
152
152
152
152
151
151
151
153
153
153
153
153
153
153
153
153
153
153
153
153
153
153
153
153
153
151
151
151
151
151
151
151
151
152
152
152
152
152
152
152
152
152
152
152
152
152
152
151
151
151
153
154
154
152
152
152
152
152
152
152
152
152
152
152
152
151
151
152
152
154
154
154
154
154
154
154
154
154
154
154
153
153
153
153
153
154
154
154
154
154
154
154
154
154
154
154
154
152
152
152
152
152
152
152
152
152
152
152
152
152
152
152
152
152
152
152
152
152
152
152
150
150
150
152
152
152
152
152
152
152
154
154
154
154
154
152
152
152
150
150
152
152
152
152
152
152
151
151
151
151
151
151
151
151
151
151
151
151
151
151
151
151
151
151
151
150
151
151
151
153
153
153
153
153
153
153
154
154
154
154
154
154
154
154
154
154
154
154
154
154
154
154
154
153
154
154
153
153
153
153
153
153
153
154
154
154
154
154
154
154
154
154
154
154
154
156
155
155
155
155
155
155
155
155
155
155
155
155
155
155
155
155
155
156
156
156
156
156
156
156
158
158
158
158
158
158
158
158
158
158
158
158
158
158
158
158
158
158
158
158
158
158
158
158
158
158
158
158
158
158
158
158
160
160
160
160
160
160
160
160
160
160
160
160
160
160
160
160
160
160
14