0 2 0 8 1 0 7 4 0 7 0 0 0 0 3 1 0 0 0 9 0 0 0 2 8 0 5 0 0 9 0 4 0 0 8 7 4 0 0 2 0 8 0 0 3 1 6 0 0 3 0 2 0 0 3 0 2 7 0 0 0 6 0 0 0 5 6 0 0 0 0 8 0 7 6 0 5 1 0 9 0
5 2 3 8 1 6 7 4 9 7 8 4 5 9 3 1 2 6 6 9 1 4 7 2 8 3 5 2 3 9 1 4 5 6 8 7 4 5 7 2 6 8 9 1 3 1 6 8 9 3 7 2 5 4 3 4 2 7 8 9 5 6 1 9 1 5 6 2 4 3 7 8 8 7 6 3 5 1 4 9 2
127
129
131
133
135
136
136
137
135
136
139
139
140
140
140
140
142
145
145
145
144
146
145
146
145
145
145
146
145
146
147
147
147
147
149
151
153
152
152
154
154
154
153
153
153
154
154
154
154
154
153
153
153
153
152
152
154
154
154
154
154
154
154
154
152
152
152
152
152
152
152
151
151
151
151
151
151
152
150
150
150
150
150
150
150
150
152
152
152
151
151
151
151
151
151
152
152
150
148
148
148
148
148
150
150
150
149
149
149
150
152
152
152
152
154
154
154
154
154
156
156
156
156
155
155
153
152
152
156
156
156
156
156
156
158
157
157
156
156
156
156
156
156
156
156
156
158
160
160
160
160
160
160
160
160
160
160
160
160
160
160
160
160
160
160
160
160
160
160
160
160
160
160
160
160
160
160
160
160
160
160
160
160
160
160
160
160
160
160
160
160
160
160
160
160
160
160
160
160
160
158
158
158
158
158
156
156
156
156
156
156
156
156
158
158
158
158
0