0 0 0 9 0 0 8 0 0 1 2 8 0 0 6 4 0 0 0 7 0 8 0 0 0 6 0 8 0 0 4 3 0 0 0 7 5 0 0 0 0 0 0 0 9 6 0 0 0 7 9 0 0 8 0 9 0 0 0 4 0 1 0 0 0 3 6 0 0 2 8 4 0 0 1 0 0 7 0 0 0
3 6 5 9 4 2 8 7 1 1 2 8 7 5 6 4 9 3 9 7 4 8 1 3 5 6 2 8 1 9 4 3 5 6 2 7 5 3 7 2 6 8 1 4 9 6 4 2 1 7 9 3 5 8 2 9 6 3 8 4 7 1 5 7 5 3 6 9 1 2 8 4 4 8 1 5 2 7 9 3 6
115
118
124
125
127
130
130
130
136
136
136
138
142
140
141
140
141
141
141
143
143
145
145
145
145
145
145
145
144
144
146
146
146
146
146
147
147
146
147
147
144
143
143
143
144
144
144
144
145
145
145
146
145
146
147
147
148
148
147
147
146
146
146
147
147
145
145
147
147
145
145
145
145
145
144
144
147
147
147
149
152
154
154
154
154
154
154
155
155
155
154
153
153
151
153
153
155
155
155
155
155
156
156
156
156
156
156
156
156
154
154
156
156
156
156
156
156
156
156
155
156
156
156
156
156
156
156
156
156
156
156
156
156
156
156
155
155
156
157
157
158
158
158
158
158
160
160
160
160
160
160
160
160
160
160
160
158
158
158
158
158
158
160
160
160
160
160
160
160
160
160
160
160
160
160
160
160
160
160
160
160
160
160
160
160
160
160
160
160
160
160
160
160
160
160
160
158
158
158
158
158
158
158
158
158
158
158
158
160
160
160
160
160
160
160
160
160
160
158
158
158
157
157
157
157
157
157
157
156
156
158
158
158
158
158
158
159
159
159
159
159
159
159
159
159
159
159
159
159
159
160
160
158
158
158
158
158
158
158
158
157
157
157
157
157
157
157
157
157
157
157
157
157
157
157
157
157
157
157
157
157
156
156
156
156
156
156
156
156
156
156
156
156
156
156
156
156
156
154
154
154
154
154
154
154
154
154
154
155
155
155
154
155
155
154
155
156
154
154
154
154
154
152
152
152
153
153
153
153
153
153
153
155
155
155
156
156
156
156
156
156
156
156
156
156
156
156
156
156
156
156
156
156
157
157
157
157
157
156
156
156
156
156
156
157
157
157
158
158
158
158
156
156
156
156
156
156
156
157
157
156
156
156
156
156
156
156
156
156
156
157
157
157
157
156
156
156
156
156
156
157
157
155
155
155
155
153
155
155
155
155
155
155
155
155
155
154
153
153
153
152
152
152
152
152
152
152
152
152
152
152
153
153
153
153
153
153
152
153
152
151
151
152
152
152
152
152
152
152
152
152
152
152
151
149
149
148
149
149
149
149
149
150
148
148
148
148
148
146
146
146
147
149
148
148
147
147
149
149
149
151
152
152
152
152
152
152
152
154
154
152
152
153
153
153
153
156
156
156
156
160
160
160
160
160
160
160
160
160
160
160
160
160
160
160
160
160
160
160
160
160
160
160
160
160
160
160
160
160
160
160
160
160
160
160
160
160
160
160
160
160
160
159
159
159
160
160
160
160
160
160
160
160
160
160
160
160
160
160
160
160
158
158
158
158
158
158
158
158
158
158
158
158
158
158
158
158
158
158
158
160
160
160
160
160
160
160
160
160
160
158
160
160
160
160
160
160
160
160
160
160
160
160
160
160
160
160
160
160
158
158
158
158
158
158
158
158
158
158
158
158
160
160
160
160
160
160
160
159
159
159
159
159
159
159
160
160
160
160
160
160
158
156
156
156
156
156
154
154
158
158
158
156
156
156
156
156
158
160
160
160
160
160
1