3 6 1 0 2 5 9 0 0 0 8 0 9 6 0 0 1 0 4 0 0 0 0 0 0 5 7 0 0 8 0 0 0 4 7 1 0 0 0 6 0 3 0 0 0 2 5 9 0 0 0 8 0 0 7 4 0 0 0 0 0 0 5 0 2 0 0 1 8 0 6 0 0 0 5 4 7 0 3 2 9
3 6 1 7 2 5 9 4 8 5 8 7 9 6 4 2 1 3 4 9 2 8 3 1 6 5 7 6 3 8 2 5 9 4 7 1 1 7 4 6 8 3 5 9 2 2 5 9 1 4 7 8 3 6 7 4 6 3 9 2 1 8 5 9 2 3 5 1 8 7 6 4 8 1 5 4 7 6 3 2 9
121
123
129
130
132
131
137
138
137
140
141
142
147
151
147
149
151
151
151
153
154
154
154
152
152
156
156
154
154
154
154
156
156
155
155
155
155
156
156
156
156
156
156
156
156
156
156
156
156
156
156
158
158
158
158
158
158
158
158
158
158
158
158
158
158
158
158
158
158
158
158
158
158
158
158
158
158
158
158
158
156
156
154
156
156
156
156
155
155
155
155
155
155
155
155
159
159
159
159
160
160
160
160
160
160
160
160
160
160
160
160
160
160
160
160
160
160
160
160
160
160
160
160
159
159
159
159
159
158
158
158
158
158
156
158
158
158
158
158
158
158
158
158
158
158
158
158
158
158
158
158
160
160
0