0 0 0 6 0 2 0 0 0 4 0 0 0 5 0 0 0 1 0 8 5 0 1 0 6 2 0 0 3 8 2 0 6 7 1 0 0 0 0 0 0 0 0 0 0 0 1 9 4 0 7 3 5 0 0 2 6 0 4 0 5 3 0 9 0 0 0 2 0 0 0 7 0 0 0 8 0 9 0 0 0
1 9 3 6 7 2 4 8 5 4 6 2 3 5 8 9 7 1 7 8 5 9 1 4 6 2 3 5 3 8 2 9 6 7 1 4 6 7 4 1 3 5 2 9 8 2 1 9 4 8 7 3 5 6 8 2 6 7 4 1 5 3 9 9 4 1 5 2 3 8 6 7 3 5 7 8 6 9 1 4 2
119
125
125
125
128
134
133
134
135
138
141
140
140
140
140
140
142
141
144
144
143
144
144
146
146
146
146
146
147
147
148
148
148
148
148
147
148
148
148
148
148
150
152
152
154
154
154
154
154
154
154
154
154
154
154
154
152
152
152
152
154
154
153
153
153
154
152
152
152
152
152
152
152
152
149
149
149
154
154
154
156
155
154
154
153
153
153
153
153
152
152
152
152
152
153
154
154
157
157
157
157
157
157
157
156
156
156
156
156
156
156
156
156
156
156
158
158
156
156
156
156
152
152
152
152
152
152
154
155
155
156
156
156
156
154
155
155
155
155
155
155
155
155
155
155
155
155
155
155
155
155
155
156
156
156
156
156
156
156
156
156
156
156
156
156
156
156
156
156
156
156
156
156
156
156
156
156
156
156
156
156
156
156
156
156
156
156
158
158
158
156
156
156
157
157
155
155
155
157
156
155
155
155
155
155
153
153
153
154
154
156
156
156
156
154
158
158
158
158
158
158
158
158
158
158
158
158
158
158
158
158
158
160
160
160
160
160
160
158
158
158
158
158
158
156
156
156
156
156
156
156
156
156
154
154
154
154
154
154
153
152
152
152
152
152
152
152
152
152
151
151
151
151
151
154
154
157
157
157
158
158
156
158
158
158
158
160
160
160
160
160
160
160
160
160
160
160
160
160
160
160
160
160
158
158
158
158
158
158
160
160
160
160
160
160
160
160
160
158
158
158
158
156
155
158
158
158
157
157
157
157
157
157
157
157
157
157
157
157
157
157
157
157
157
157
157
157
157
158
158
158
158
158
158
158
158
158
160
160
160
160
160
160
160
160
160
160
160
160
160
160
160
160
160
160
158
158
158
158
158
158
158
156
156
156
156
156
156
156
156
156
155
155
156
154
154
154
154
154
154
154
154
154
154
156
156
156
156
156
156
156
157
158
158
158
158
158
158
158
158
158
158
158
158
158
158
158
158
158
158
158
158
158
156
156
156
156
156
156
156
156
157
159
160
160
160
160
160
160
160
160
160
160
160
160
160
160
160
160
160
160
160
160
160
160
160
160
160
160
160
160
160
160
160
160
158
158
158
158
158
158
158
158
158
158
158
158
158
158
158
158
158
158
158
158
158
157
157
157
157
157
158
158
156
156
156
156
156
156
0