0 0 7 2 5 6 4 0 0 4 0 0 0 0 0 0 0 5 0 1 0 0 3 0 0 6 0 0 0 0 5 0 8 0 0 0 0 0 8 0 6 0 2 0 0 0 0 0 1 0 7 0 0 0 0 3 0 0 7 0 0 9 0 2 0 0 0 0 0 0 0 4 0 0 6 3 1 2 7 0 0
3 8 7 2 5 6 4 1 9 4 6 9 7 8 1 3 2 5 5 1 2 4 3 9 8 6 7 1 2 3 5 4 8 9 7 6 7 5 8 9 6 3 2 4 1 6 9 4 1 2 7 5 8 3 8 3 5 6 7 4 1 9 2 2 7 1 8 9 5 6 3 4 9 4 6 3 1 2 7 5 8
124
129
131
128
129
136
136
137
138
138
138
136
138
140
141
142
142
143
145
145
145
145
145
145
146
148
149
149
149
149
149
149
149
149
149
149
148
148
148
147
147
147
147
147
147
147
147
147
147
149
149
149
148
149
147
147
147
147
146
146
146
146
146
148
148
148
148
148
148
148
148
148
148
148
148
148
148
146
144
143
145
142
142
143
143
142
140
139
140
141
145
145
145
145
145
145
146
146
146
149
149
149
147
148
148
148
148
149
147
147
147
146
146
147
147
147
147
148
148
148
147
148
148
148
148
148
147
147
145
146
146
146
148
148
148
146
146
146
145
145
145
145
146
145
147
147
147
147
147
147
147
147
147
146
144
142
144
146
146
144
144
144
146
146
146
145
147
147
147
147
147
147
147
149
149
147
147
148
148
148
148
147
147
147
147
147
147
147
147
145
145
145
145
143
144
143
143
143
143
144
144
144
144
144
145
146
146
145
145
146
146
146
147
147
147
147
148
149
149
151
151
151
151
151
149
149
149
149
149
149
149
150
150
150
150
150
150
150
150
152
152
152
152
152
152
152
152
152
153
155
155
153
153
153
153
153
153
153
153
153
153
152
152
152
152
152
153
153
153
153
153
153
154
154
154
154
156
156
156
156
156
156
154
154
154
154
156
156
156
156
156
154
155
155
155
155
155
157
155
155
155
155
155
155
155
155
155
155
156
156
156
156
156
156
152
152
152
152
153
153
153
153
154
154
154
154
154
154
154
154
154
156
156
156
156
155
155
155
154
156
157
158
158
158
156
156
156
156
156
156
156
156
156
156
154
153
154
153
154
154
154
154
154
154
154
154
154
154
154
154
156
156
156
156
156
156
156
156
156
156
156
156
156
156
156
156
156
156
156
156
156
156
156
156
156
156
156
156
158
158
158
158
158
158
157
157
157
158
158
158
158
156
156
156
156
156
155
156
156
156
156
157
157
157
157
157
157
157
156
156
156
156
156
156
156
156
156
156
156
156
156
156
156
156
156
156
156
156
156
156
156
156
156
156
156
156
156
156
156
156
156
156
156
156
156
156
156
155
155
155
155
157
157
157
157
157
157
157
157
157
157
157
157
157
154
154
153
153
153
155
155
156
158
158
158
158
158
158
158
158
158
158
158
158
158
156
156
156
156
156
156
156
156
156
156
156
156
156
156
156
156
156
156
156
154
154
154
152
152
152
152
150
150
152
152
152
152
152
152
152
152
152
152
152
154
154
154
154
154
154
156
156
156
156
156
156
156
156
156
156
156
156
156
156
156
156
156
156
156
156
156
156
156
156
156
156
156
156
154
153
153
153
153
152
152
152
156
156
156
156
156
154
154
152
152
154
154
154
156
156
156
156
156
156
156
156
154
154
154
154
156
156
156
156
156
156
156
156
156
154
154
154
154
156
156
156
155
153
153
152
152
152
152
152
154
154
154
154
154
154
154
154
154
154
154
156
156
155
155
156
154
154
154
152
152
154
154
154
154
154
154
154
154
154
155
155
155
155
152
152
152
153
153
153
153
153
153
153
153
153
151
153
153
153
153
153
153
153
153
153
155
155
155
155
155
155
155
155
155
155
154
154
153
152
150
150
150
150
150
149
149
149
149
149
149
149
150
150
150
151
151
151
152
152
152
151
150
150
150
150
150
150
151
151
150
150
150
150
148
148
148
148
148
148
148
148
148
148
149
149
148
148
148
148
148
148
150
150
150
150
150
150
151
151
151
151
151
151
151
151
151
151
151
151
151
151
151
151
151
149
149
149
149
149
149
149
150
150
150
150
150
150
152
152
153
151
152
152
152
152
150
152
152
152
152
152
152
152
152
152
152
152
152
152
151
151
151
151
151
151
151
151
151
151
148
147
147
147
147
147
147
149
149
149
149
149
149
149
149
149
149
149
149
149
149
149
149
149
149
149
149
149
149
149
150
150
150
154
154
154
154
154
153
153
153
153
153
153
153
153
153
151
151
151
151
151
151
151
150
150
151
151
151
151
151
149
148
148
148
148
148
148
148
148
148
148
148
148
148
148
148
148
148
148
148
148
148
148
148
148
149
151
151
151
151
151
151
150
150
150
149
149
148
148
148
148
146
146
146
147
147
147
147
147
147
147
147
147
147
147
148
147
147
147
147
147
147
147
147
146
146
146
146
146
146
146
146
146
146
146
146
148
147
147
149
149
149
149
149
149
149
149
149
150
150
150
149
148
148
148
148
148
148
148
149
149
149
149
149
149
147
148
148
148
150
150
150
150
150
150
150
150
150
150
150
150
150
150
150
150
150
150
150
150
150
150
150
150
150
150
150
150
152
152
152
152
152
152
152
152
151
151
152
152
151
151
151
151
150
150
150
150
150
150
150
150
150
150
152
152
152
152
152
152
152
152
152
152
150
150
150
150
152
152
152
152
152
152
152
152
152
152
151
151
151
151
149
149
149
149
147
148
148
148
150
150
150
150
150
150
150
150
150
150
149
149
150
150
150
150
150
150
150
150
152
152
152
152
152
153
152
152
152
152
154
154
154
154
154
154
154
154
154
154
154
154
154
154
154
154
154
154
154
154
154
154
154
154
154
154
153
153
153
155
155
155
155
155
155
153
153
153
153
154
154
154
154
154
154
154
154
154
154
154
155
155
155
155
155
156
156
156
156
156
156
156
156
156
156
156
156
156
156
156
154
154
154
154
154
154
154
154
154
156
156
156
156
158
158
158
158
158
158
158
158
158
158
158
160
160
160
160
160
160
160
160
160
160
160
160
160
160
160
160
160
160
160
160
160
160
160
160
160
160
160
160
160
160
160
158
158
158
158
158
158
158
157
157
157
156
156
157
157
157
157
157
160
160
160
160
160
160
159
159
160
160
160
0