0 0 6 0 8 0 3 0 0 0 4 9 0 7 0 2 5 0 0 0 0 4 0 5 0 0 0 6 0 0 3 1 7 0 0 4 0 0 7 0 0 0 8 0 0 1 0 0 8 2 6 0 0 9 0 0 0 7 0 2 0 0 0 0 7 5 0 4 0 1 9 0 0 0 3 0 9 0 6 0 0
5 1 6 2 8 9 3 4 7 8 4 9 1 7 3 2 5 6 7 3 2 4 6 5 9 1 8 6 9 8 3 1 7 5 2 4 3 2 7 9 5 4 8 6 1 1 5 4 8 2 6 7 3 9 9 6 1 7 3 2 4 8 5 2 7 5 6 4 8 1 9 3 4 8 3 5 9 1 6 7 2
120
123
125
126
127
130
129
134
137
137
138
138
140
140
140
142
142
142
142
141
142
144
143
144
143
143
143
144
144
145
146
146
150
150
149
148
148
148
148
148
148
152
152
152
152
154
154
154
154
154
154
154
154
153
153
153
154
154
154
153
154
154
154
154
154
154
154
154
152
152
152
152
152
152
149
148
148
149
149
149
149
149
149
152
152
154
154
154
153
153
153
153
153
153
154
154
154
154
154
154
154
154
154
154
151
149
151
152
152
155
155
153
151
150
150
152
152
152
152
154
154
154
154
154
154
154
154
154
154
154
152
152
152
154
151
150
149
152
152
152
150
150
150
150
152
152
152
152
150
149
150
150
150
150
150
150
150
149
148
149
149
148
148
150
150
150
151
151
152
152
151
151
151
151
151
151
151
153
153
152
152
151
151
151
151
151
151
150
150
149
149
152
152
152
152
152
152
152
152
152
152
152
152
152
155
155
155
155
155
155
155
155
155
155
155
155
155
155
155
155
155
154
154
154
154
155
155
156
156
156
156
156
152
152
153
153
152
152
154
154
152
152
150
150
150
150
149
149
149
149
149
149
151
151
151
152
152
152
152
152
154
154
154
154
154
154
154
154
155
155
155
155
155
154
155
155
155
155
156
158
158
158
158
158
158
156
156
156
156
156
156
158
158
156
156
158
156
158
158
158
158
158
158
158
158
158
156
158
158
158
158
158
158
156
156
156
156
156
156
156
156
156
156
158
158
158
158
158
158
156
156
158
158
158
158
158
158
158
158
158
158
158
158
157
157
157
157
158
158
158
158
158
158
158
158
158
158
158
158
158
158
156
156
156
156
156
156
156
156
156
156
156
156
156
156
156
156
156
156
153
155
156
155
153
153
152
152
152
152
154
154
154
154
152
154
154
154
154
154
154
154
155
155
155
153
151
151
150
150
151
153
155
155
155
155
153
153
153
153
153
153
153
153
153
152
152
152
151
153
154
154
154
156
156
155
155
155
154
155
155
155
155
157
157
157
158
158
158
158
158
158
158
158
158
158
158
158
157
157
155
155
155
155
155
154
156
156
156
156
156
156
156
156
156
156
156
156
156
156
156
156
158
156
156
156
156
160
160
160
158
158
158
156
157
157
157
157
158
158
158
158
158
158
158
158
158
158
158
158
158
158
158
156
156
156
156
156
156
156
156
156
154
154
154
154
154
154
154
154
154
153
153
153
153
153
153
153
155
155
155
155
155
155
155
155
155
155
155
155
155
155
157
157
157
156
156
156
156
158
158
158
158
158
157
159
159
159
158
158
158
158
158
158
158
158
158
158
158
158
158
158
158
158
158
158
158
158
156
154
154
156
156
155
158
158
158
158
158
158
158
158
158
158
158
158
157
157
157
157
157
157
157
157
157
157
157
157
156
156
156
154
154
154
154
154
154
154
155
155
156
156
156
158
158
160
160
160
160
160
160
160
160
160
158
158
158
158
158
158
158
160
160
160
160
160
160
160
160
160
160
160
160
160
0