0 0 0 0 8 0 0 0 0 2 7 0 0 0 0 0 5 4 0 9 5 0 0 0 8 1 0 0 0 9 8 0 6 4 0 0 0 2 0 4 0 3 0 6 0 0 0 6 9 0 5 1 0 0 0 1 7 0 0 0 6 2 0 4 6 0 0 0 0 0 3 8 0 0 0 0 9 0 0 0 0
1 3 4 5 8 7 2 9 6 2 7 8 1 6 9 3 5 4 6 9 5 2 3 4 8 1 7 3 5 9 8 1 6 4 7 2 8 2 1 4 7 3 5 6 9 7 4 6 9 2 5 1 8 3 9 1 7 3 4 8 6 2 5 4 6 2 7 5 1 9 3 8 5 8 3 6 9 2 7 4 1
121
123
126
126
128
128
128
130
130
130
131
133
133
135
135
134
136
136
136
136
136
136
137
137
139
139
139
140
138
139
139
139
141
142
142
142
142
142
142
142
142
142
142
142
142
142
142
142
140
142
141
143
143
144
144
144
144
144
144
144
144
142
141
145
145
144
143
149
150
150
150
150
150
150
150
150
150
151
151
151
151
150
150
151
151
151
151
150
151
151
151
151
152
152
151
149
149
150
150
149
149
149
149
149
149
149
149
149
146
147
147
149
149
148
149
149
152
152
152
152
152
151
151
151
151
151
151
151
150
150
150
148
148
148
148
148
148
152
152
153
153
153
153
154
154
154
150
151
151
151
153
153
153
155
155
154
155
155
155
154
154
152
153
153
153
154
152
152
151
151
151
151
151
150
150
148
148
149
150
151
151
151
150
151
151
151
150
150
150
150
150
150
152
152
152
152
150
150
151
149
149
149
151
151
151
151
151
151
155
155
155
155
155
155
155
155
153
153
153
153
153
153
153
153
153
154
154
154
154
153
153
151
150
151
153
153
153
153
153
155
156
156
156
156
156
156
156
156
158
158
158
158
158
158
158
158
158
157
157
160
160
160
160
160
158
158
158
158
160
160
160
160
160
160
160
160
160
160
160
160
160
158
158
156
156
156
156
156
156
156
156
156
156
156
156
156
156
156
155
157
157
157
157
157
157
157
157
157
157
158
157
155
155
155
154
156
156
156
156
155
153
153
151
151
153
153
153
154
155
155
155
155
155
155
155
155
155
155
154
154
154
152
152
153
153
153
153
153
153
153
153
154
154
154
154
154
154
154
154
154
154
154
154
154
154
154
154
153
153
153
153
155
154
154
154
156
156
156
157
157
157
157
157
158
158
158
158
158
158
158
158
158
158
158
158
158
158
158
158
156
156
156
156
156
156
156
156
156
156
156
156
156
156
156
156
156
157
157
157
157
157
157
157
157
157
157
157
157
157
157
157
157
157
157
158
158
158
158
156
156
156
157
157
157
156
156
154
154
154
154
154
154
154
154
154
154
153
153
151
151
155
153
153
153
153
153
154
154
154
153
154
154
154
152
154
154
154
154
154
154
156
156
156
156
155
154
154
155
155
155
157
157
157
157
157
155
155
156
158
158
158
158
158
158
158
158
158
158
158
158
158
158
160
160
160
160
160
160
160
160
160
160
160
160
160
160
160
160
160
158
158
158
158
158
158
158
158
158
158
158
158
158
158
158
158
158
158
158
158
158
158
158
158
158
158
158
158
158
158
158
160
160
160
160
160
160
160
160
160
159
159
159
159
159
160
160
160
160
160
160
160
160
160
160
160
160
160
158
158
158
158
158
160
160
160
160
160
160
160
160
160
160
160
160
160
160
160
160
160
160
160
160
158
158
158
158
158
158
158
158
158
158
158
158
158
156
156
156
156
156
156
156
156
156
154
154
154
153
155
155
155
155
153
153
153
153
153
153
151
153
153
153
153
153
155
155
155
155
155
155
155
155
155
155
155
156
156
154
154
154
154
155
155
155
155
154
153
154
152
153
153
153
154
154
154
154
154
154
154
154
154
154
154
154
154
154
154
154
154
154
151
151
150
151
152
152
152
152
152
152
152
152
152
152
152
151
152
155
157
157
156
156
156
156
156
156
156
156
156
156
155
157
157
157
157
157
157
157
157
157
157
155
155
156
156
156
156
156
156
156
156
156
156
156
156
156
156
156
156
156
156
156
156
156
156
156
156
156
154
154
154
154
154
154
154
154
154
154
154
154
154
154
154
153
153
153
153
153
153
153
153
153
153
153
153
153
154
152
152
152
150
152
152
154
154
154
154
154
154
152
152
152
152
154
154
153
153
153
153
156
156
158
158
158
156
156
156
156
156
155
153
153
153
151
149
148
148
148
148
149
149
149
148
148
151
151
151
151
153
153
154
152
152
152
152
152
152
152
152
152
154
154
154
154
154
154
154
154
154
154
153
152
153
153
154
153
153
153
153
153
153
153
153
153
153
153
154
154
155
155
156
156
156
156
156
156
156
156
156
156
156
156
156
155
154
154
153
153
153
153
153
153
153
155
154
154
154
154
154
154
154
156
156
156
156
156
156
156
156
156
156
157
157
157
157
157
156
156
156
156
156
156
156
156
156
156
156
156
156
156
158
158
158
158
158
158
158
158
158
158
158
158
158
158
158
158
158
158
158
158
156
156
156
156
156
156
156
158
158
158
158
157
156
158
158
158
158
158
158
158
158
158
158
158
158
158
158
158
158
158
158
158
157
157
157
157
157
157
157
157
157
158
158
158
158
157
157
157
157
157
157
157
158
158
158
158
158
158
158
158
158
158
158
158
158
158
158
158
158
158
158
158
156
156
158
158
158
158
158
158
158
158
158
158
158
158
158
158
158
158
158
158
158
158
158
158
158
158
158
158
158
157
157
158
158
158
158
158
158
158
158
158
158
158
158
158
158
158
158
158
158
158
158
158
158
160
160
160
160
160
160
160
160
160
160
160
160
160
160
160
160
160
160
160
160
160
160
160
160
160
160
160
160
160
160
160
160
160
160
160
160
160
160
160
160
160
160
160
160
160
160
160
160
160
160
160
160
160
160
160
160
160
158
158
158
158
158
158
158
158
158
158
158
158
158
158
158
158
158
158
158
160
160
158
160
160
160
160
160
160
160
160
160
160
160
160
160
160
160
158
158
158
158
158
158
160
160
160
160
160
160
160
160
160
160
160
160
160
160
159
157
157
157
157
157
157
157
157
157
157
157
157
157
157
157
157
157
157
157
157
157
157
157
158
158
158
158
158
158
158
159
159
159
159
159
159
159
159
159
159
159
159
159
159
159
159
159
159
159
159
159
159
159
159
159
159
159
159
159
159
159
159
159
159
159
159
159
159
159
159
159
159
160
160
160
160
160
160
160
160
160
160
160
160
160
160
160
160
160
160
160
160
160
160
160
160
160
160
160
160
160
160
160
160
160
160
160
160
160
160
160
160
160
160
160
160
160
160
160
160
160
160
160
160
160
160
160
160
160
160
160
160
160
160
158
158
156
156
156
156
156
156
156
156
156
156
158
158
158
158
160
160
160
160
160
160
160
160
160
160
160
160
160
160
160
160
160
160
160
160
160
160
160
160
160
160
160
160
160
160
160
160
160
160
160
160
160
160
160
160
160
160
160
160
160
160
160
160
160
160
160
160
160
160
160
160
160
160
160
160
160
160
160
160
160
160
160
160
160
160
160
160
160
160
160
160
160
160
160
160
160
160
160
160
160
160
160
160
160
160
160
160
160
160
160
160
160
160
160
160
160
160
160
0