0 4 0 0 0 0 0 5 0 0 0 1 9 4 3 6 0 0 0 0 9 0 0 0 3 0 0 6 0 0 0 5 0 0 0 2 1 0 3 0 0 0 5 0 6 8 0 0 0 2 0 0 0 7 0 0 5 0 0 0 2 0 0 0 0 2 4 3 6 7 0 0 0 3 0 0 0 0 0 4 0
3 4 8 2 6 7 9 5 1 5 7 1 9 4 3 6 2 8 2 6 9 1 8 5 3 7 4 6 9 7 3 5 1 4 8 2 1 2 3 8 7 4 5 9 6 8 5 4 6 2 9 1 3 7 4 1 5 7 9 8 2 6 3 9 8 2 4 3 6 7 1 5 7 3 6 5 1 2 8 4 9
117
123
128
130
133
135
139
140
140
142
141
141
141
140
140
141
142
142
142
142
144
146
146
146
150
150
150
150
152
152
152
152
152
151
151
152
152
150
150
151
151
151
150
151
151
151
152
151
151
149
149
149
147
147
147
148
148
148
149
149
149
147
147
147
147
147
147
147
148
148
149
152
154
154
154
155
155
155
154
154
154
154
155
155
155
155
155
155
154
154
152
152
152
151
151
151
151
151
153
153
152
152
154
154
154
154
156
155
155
155
157
157
155
155
155
154
154
154
154
154
154
155
155
155
155
155
155
154
154
154
154
155
154
154
154
154
154
154
155
155
155
155
155
157
157
157
157
157
157
157
157
157
158
158
158
158
158
158
158
158
158
158
158
158
158
156
156
157
155
155
157
157
155
155
156
156
158
158
158
158
159
159
159
157
157
157
157
157
154
155
154
152
152
152
152
154
154
155
154
154
154
154
156
156
158
158
158
158
158
158
158
156
156
156
156
156
156
156
156
156
156
157
157
157
157
158
158
158
158
158
158
158
158
158
158
158
158
158
158
158
158
158
158
156
156
156
157
156
155
155
154
154
154
154
154
154
154
154
154
154
154
154
154
154
154
154
154
154
154
154
154
154
154
154
154
154
154
154
154
154
156
156
156
156
156
153
154
154
154
155
156
156
156
155
155
155
155
155
155
155
155
155
155
155
155
153
155
155
156
156
156
156
156
156
156
156
158
158
158
158
158
158
158
157
157
157
157
156
156
156
156
157
157
157
157
157
157
157
157
157
157
157
158
157
157
157
157
157
157
157
157
157
157
155
154
154
155
153
152
153
154
154
154
154
155
155
155
156
156
156
155
156
156
156
156
154
154
154
154
154
154
154
152
150
151
151
151
151
150
151
151
151
151
151
151
152
152
152
154
154
154
154
154
154
154
154
152
152
152
152
152
152
152
152
152
152
152
150
152
152
152
154
154
154
154
154
154
154
153
153
153
153
153
153
153
153
153
153
153
153
154
154
154
152
152
152
154
154
154
154
154
154
154
154
154
154
154
154
154
154
153
152
154
154
154
154
154
154
154
154
154
154
154
154
154
154
154
154
154
154
154
154
154
154
156
156
157
158
158
158
158
158
158
158
158
158
158
158
157
157
157
157
157
157
157
157
157
157
157
157
157
157
157
157
157
157
158
158
158
158
157
157
157
157
155
157
157
157
157
158
158
158
158
158
158
158
158
158
158
158
158
158
158
158
156
156
155
152
153
153
153
153
153
153
153
153
153
153
151
151
151
150
150
150
150
150
151
150
147
148
149
149
149
149
149
150
150
152
151
151
151
151
151
152
152
152
152
152
152
152
152
152
152
152
152
152
152
152
152
151
151
151
149
149
151
151
151
151
152
151
151
152
152
151
151
151
152
152
155
155
155
155
154
154
156
156
156
156
156
157
157
157
157
157
157
157
157
157
157
157
157
157
157
157
157
158
158
158
157
156
155
155
155
155
154
154
154
154
156
156
156
156
156
156
157
157
157
157
157
157
157
157
157
157
157
159
159
159
160
160
160
160
160
160
160
160
160
159
159
159
159
159
159
159
159
159
159
159
159
159
159
159
159
159
159
159
159
159
158
158
160
160
160
160
160
158
158
158
158
158
157
157
157
157
157
157
157
157
157
157
157
157
157
157
157
157
157
157
157
157
156
156
156
156
156
156
157
157
157
157
157
157
157
157
157
157
157
157
157
157
157
157
157
157
157
157
157
157
157
157
157
157
156
157
157
157
157
157
157
157
157
157
157
157
157
157
157
157
157
157
157
157
157
157
157
157
157
157
157
155
155
155
155
155
155
155
155
155
155
155
155
155
155
155
155
155
156
155
155
155
155
155
155
155
155
155
155
155
155
155
155
156
156
156
156
156
156
156
156
156
156
156
156
156
156
156
156
156
156
156
156
156
156
156
156
156
156
156
156
156
156
154
154
154
155
155
155
155
155
155
155
154
154
154
154
154
154
154
154
156
156
155
155
155
155
155
155
155
155
155
155
155
157
157
157
157
157
157
157
157
158
158
158
158
158
158
158
158
158
158
158
158
157
157
157
157
157
157
157
157
157
157
157
155
155
155
155
155
155
154
154
154
154
157
157
156
156
156
156
156
156
156
156
156
156
156
156
156
156
156
156
158
158
158
158
158
158
158
158
158
158
158
158
158
158
158
157
158
158
158
160
160
160
160
0