0 0 3 0 2 0 6 0 0 9 0 0 3 0 5 0 0 1 0 0 1 8 0 6 4 0 0 0 0 8 1 0 2 9 0 0 7 0 0 0 0 0 0 0 8 0 0 6 7 0 8 2 0 0 0 0 2 6 0 9 5 0 0 8 0 0 2 0 3 0 0 9 0 0 5 0 1 0 3 0 0
4 8 3 9 2 1 6 5 7 9 6 7 3 4 5 8 2 1 2 5 1 8 7 6 4 9 3 5 4 8 1 3 2 9 7 6 7 2 9 5 6 4 1 3 8 1 3 6 7 9 8 2 4 5 3 7 2 6 8 9 5 1 4 8 1 4 2 5 3 7 6 9 6 9 5 4 1 7 3 8 2
123
130
131
133
134
136
136
139
138
140
140
144
144
144
143
143
144
146
146
146
147
147
147
149
149
149
150
150
147
147
147
148
148
149
150
152
153
153
153
153
153
153
153
153
154
155
154
154
154
156
156
156
156
156
156
156
156
156
156
156
156
156
154
154
155
157
157
157
157
158
158
158
158
158
158
158
158
158
158
158
158
157
157
157
155
155
154
154
154
154
154
153
155
155
155
152
153
153
153
154
155
155
155
152
152
152
154
154
154
154
154
153
153
153
154
154
154
154
156
156
156
156
156
156
156
156
156
156
156
156
156
156
156
156
156
156
156
156
156
156
156
156
156
155
155
153
153
151
151
151
151
151
151
151
151
152
150
151
150
150
149
149
152
152
152
152
152
152
152
152
152
152
153
153
154
152
152
152
150
150
150
150
150
150
151
151
151
154
155
155
155
155
155
155
155
155
155
155
157
157
157
157
157
157
157
157
157
157
157
157
157
157
157
156
156
156
156
156
156
156
156
156
156
156
156
156
156
156
156
156
156
156
156
156
156
157
157
157
157
157
157
157
158
158
158
158
158
158
158
158
158
158
158
158
158
158
158
158
158
158
158
158
160
160
160
160
160
160
160
158
158
158
158
158
158
157
157
156
154
154
154
154
154
154
154
154
154
154
154
154
154
155
155
155
155
157
157
156
156
156
156
156
156
156
154
156
156
156
156
156
156
158
158
158
158
158
158
158
160
160
160
160
160
160
160
160
160
160
160
160
160
158
158
158
158
156
156
156
156
156
156
156
158
158
158
156
158
158
158
158
157
157
157
156
156
156
156
157
158
158
158
158
158
158
158
158
158
158
158
158
158
158
160
160
160
160
160
160
160
160
160
160
160
160
160
160
160
160
160
160
160
160
160
160
160
160
160
160
160
160
160
160
160
158
158
158
158
158
158
158
158
158
158
158
158
158
158
158
160
160
160
160
160
160
160
160
160
160
160
160
160
160
160
160
160
160
160
160
160
160
160
160
159
157
157
157
157
157
157
156
156
154
154
154
155
155
156
154
154
154
154
154
154
154
154
154
152
154
156
156
156
156
156
156
156
156
156
156
156
156
156
156
156
156
156
156
156
156
156
156
158
158
158
158
158
160
160
160
160
160
160
160
160
160
160
160
160
160
158
158
158
158
158
158
158
158
158
158
160
159
159
159
159
159
159
159
159
159
160
160
160
160
160
160
160
160
160
160
160
160
160
160
160
160
160
160
160
160
160
160
160
160
160
158
158
158
158
158
158
158
158
158
160
160
160
160
160
160
0