0 6 2 3 4 0 7 5 0 1 0 0 0 0 5 6 0 0 5 7 0 0 0 0 0 4 0 0 0 0 0 9 4 8 0 0 4 0 0 0 0 0 0 0 6 0 0 5 8 3 0 0 0 0 0 3 0 0 0 0 0 9 1 0 0 6 4 0 0 0 0 7 0 5 9 0 8 3 2 6 0
9 6 2 3 4 1 7 5 8 1 4 8 9 7 5 6 2 3 5 7 3 2 6 8 1 4 9 3 2 1 6 9 4 8 7 5 4 8 7 5 1 2 9 3 6 6 9 5 8 3 7 4 1 2 8 3 4 7 2 6 5 9 1 2 1 6 4 5 9 3 8 7 7 5 9 1 8 3 2 6 4
121
129
132
134
135
140
140
140
142
142
142
143
141
142
143
143
144
145
145
146
146
146
146
146
145
144
143
144
144
143
141
141
143
143
145
148
148
150
151
151
152
152
152
152
152
154
154
152
153
154
154
154
154
154
154
153
153
154
154
155
155
153
153
152
152
152
152
150
152
152
152
152
153
155
155
153
153
154
155
156
156
154
156
156
156
156
156
156
156
154
154
154
154
156
156
156
156
156
156
156
156
156
156
156
156
157
157
157
157
157
157
155
155
155
155
155
155
155
155
156
156
156
156
156
156
156
156
156
154
154
154
154
154
151
151
152
152
152
152
150
151
151
153
153
153
153
153
153
153
152
154
154
152
152
154
154
154
154
154
154
154
152
153
153
153
153
153
154
152
154
154
154
154
154
154
154
154
154
155
155
155
155
154
154
154
154
154
151
152
151
151
151
151
151
151
152
152
152
152
152
152
152
152
152
152
152
152
152
152
152
152
151
151
151
151
151
151
151
151
151
150
149
150
150
150
150
150
150
150
150
149
149
149
149
149
149
149
149
149
150
149
152
154
154
154
154
154
154
154
154
154
154
154
154
154
154
155
155
155
155
153
153
153
154
154
154
154
154
154
154
152
152
152
152
152
152
152
152
152
152
150
152
152
152
152
152
153
153
154
153
153
155
155
155
154
154
154
154
154
154
154
153
152
152
152
152
152
152
150
150
150
150
150
150
150
150
150
150
152
153
153
153
153
153
153
153
152
151
152
152
152
152
152
152
152
152
152
152
152
153
153
153
154
154
155
158
158
158
158
158
158
158
158
158
158
158
158
158
158
158
158
158
158
158
158
158
158
158
156
156
156
156
156
156
156
156
156
156
156
156
156
155
156
156
156
156
156
156
156
156
154
154
156
156
156
156
156
156
156
156
156
156
156
156
156
156
156
156
156
156
156
157
157
157
157
157
157
157
157
157
157
157
157
157
157
157
157
157
157
156
156
156
156
156
156
156
156
157
157
157
157
157
157
157
157
157
157
157
157
159
159
157
157
157
157
157
157
157
157
157
157
157
157
157
156
157
157
157
159
159
159
159
159
159
159
159
159
159
158
158
158
158
158
158
158
158
158
158
158
158
158
158
158
158
158
158
158
158
158
158
158
158
158
158
156
156
156
158
158
158
158
158
158
158
158
158
158
158
158
158
158
158
158
158
158
158
158
158
158
158
158
158
158
158
158
158
158
158
158
158
158
158
157
157
158
158
158
158
158
158
158
156
156
156
156
156
156
156
153
155
155
155
155
155
155
155
155
155
154
154
154
154
154
154
154
154
154
154
155
155
152
153
153
153
153
153
154
156
156
156
156
156
156
158
158
158
158
157
157
158
158
158
158
158
158
158
158
158
157
157
157
157
157
157
157
157
157
158
158
158
158
158
158
157
157
157
157
158
158
158
158
158
158
160
160
160
160
160
160
160
160
160
160
160
158
156
158
156
156
158
158
158
159
159
157
157
157
157
158
158
158
158
158
158
158
158
158
158
158
158
158
158
158
158
158
158
158
158
158
158
158
158
158
158
158
158
158
158
158
158
158
158
158
158
158
158
158
158
158
158
158
158
158
158
156
154
156
156
156
156
156
156
156
156
156
156
156
156
156
155
155
156
156
156
156
155
155
155
155
155
155
155
155
155
155
155
155
155
156
156
156
156
156
154
154
154
154
156
156
156
155
155
155
153
153
153
153
153
152
152
153
153
155
155
155
153
153
153
153
153
153
153
153
154
153
153
153
154
154
154
153
151
151
151
151
149
149
149
149
149
149
149
153
153
153
153
152
152
152
152
152
152
152
152
152
152
154
154
154
154
154
153
153
153
153
153
153
153
153
153
153
154
154
154
154
154
154
151
151
151
151
151
152
152
152
150
150
150
150
150
150
150
150
149
150
151
151
151
148
149
149
148
150
152
152
153
152
152
152
153
153
153
153
153
153
153
153
152
152
152
152
152
152
152
152
152
152
152
152
152
152
152
152
152
152
152
153
153
152
152
150
151
151
151
151
153
153
153
153
152
153
153
153
153
153
153
153
151
153
153
152
152
153
153
153
153
154
154
154
154
154
154
154
154
154
154
154
154
154
154
154
154
154
154
154
153
153
153
154
154
154
154
154
154
154
154
154
154
154
154
154
154
155
156
156
156
156
156
156
156
156
156
156
156
156
155
155
155
155
155
155
155
155
156
156
156
156
156
156
156
156
156
156
156
156
156
156
156
156
156
158
158
158
158
158
158
158
158
158
158
158
158
158
155
155
156
156
156
156
157
157
157
157
157
157
157
158
158
158
158
158
158
160
160
160
160
160
160
160
160
160
160
160
160
160
160
158
158
158
158
158
158
158
158
158
158
158
158
158
158
158
158
158
158
158
158
158
158
158
158
158
158
158
158
158
158
158
158
158
158
158
156
156
156
154
154
154
153
153
155
156
155
155
153
153
153
153
153
153
155
155
155
155
155
155
156
156
156
156
156
156
156
158
158
158
158
158
158
158
158
158
158
158
158
158
158
158
158
158
158
158
158
158
158
158
158
158
158
158
158
158
158
158
158
158
158
158
158
158
158
158
158
158
158
158
158
158
158
158
158
158
158
158
158
158
158
158
158
158
158
158
158
158
158
158
158
158
158
158
158
158
158
158
158
158
158
158
157
157
157
157
157
157
157
157
157
157
157
157
157
157
157
157
157
157
157
157
156
156
156
156
156
157
157
157
157
157
157
157
155
153
153
153
153
155
155
156
156
158
158
158
158
158
158
158
158
158
158
158
158
158
158
156
156
156
156
158
158
158
158
158
158
158
158
158
157
156
156
157
156
156
156
156
156
158
158
158
158
158
158
158
158
158
158
158
158
158
158
158
158
158
158
158
158
158
158
158
158
158
158
158
158
158
158
158
158
158
158
160
160
160
160
160
160
160
160
160
160
159
159
159
160
160
160
160
0