0 2 0 0 3 0 0 9 0 0 0 0 9 0 7 0 0 0 9 0 0 2 0 8 0 0 5 0 0 4 8 0 6 5 0 0 6 0 7 0 0 0 2 0 8 0 0 3 1 0 2 9 0 0 8 0 0 6 0 5 0 0 7 0 0 0 3 0 9 0 0 0 0 3 0 0 2 0 0 5 0
4 2 8 5 3 1 7 9 6 3 6 5 9 4 7 1 8 2 9 7 1 2 6 8 4 3 5 2 1 4 8 9 6 5 7 3 6 9 7 4 5 3 2 1 8 5 8 3 1 7 2 9 6 4 8 4 9 6 1 5 3 2 7 7 5 2 3 8 9 6 4 1 1 3 6 7 2 4 8 5 9
118
124
128
129
131
131
131
131
133
135
135
135
135
135
137
139
139
139
139
139
139
139
141
141
143
143
145
146
145
145
147
147
147
147
150
150
150
150
149
149
149
150
150
150
150
150
148
148
146
147
147
144
144
144
144
144
144
143
143
143
143
144
143
142
142
142
142
142
143
143
143
143
142
142
143
144
147
147
147
147
147
147
148
148
147
147
147
147
147
147
147
147
145
148
148
148
150
150
151
150
149
149
149
149
151
151
151
148
149
149
148
148
149
151
151
153
155
155
155
155
155
155
155
155
155
155
155
155
155
155
155
155
155
155
155
155
155
155
155
155
154
154
155
155
154
154
156
156
156
156
156
156
156
156
156
156
156
156
155
155
156
153
153
152
152
152
152
152
154
152
152
150
151
154
152
152
152
150
153
153
153
153
153
153
153
153
153
150
150
151
151
151
151
151
152
152
152
152
152
152
152
152
152
150
149
148
148
149
149
149
149
147
148
149
148
148
148
148
148
148
148
148
148
148
150
150
151
151
151
151
151
150
150
150
150
151
151
151
153
153
153
153
153
153
153
152
153
151
151
151
151
151
151
151
151
151
153
153
153
151
151
153
152
152
152
152
152
153
154
154
154
154
154
154
154
154
156
156
156
156
154
156
156
156
156
156
156
156
156
156
156
156
156
156
156
156
156
156
156
156
156
156
154
154
154
154
154
154
154
154
154
154
156
156
156
154
153
153
154
154
154
154
154
154
154
149
149
149
149
149
149
147
147
147
147
147
147
147
147
146
150
148
150
150
150
150
148
148
148
148
148
148
148
150
152
151
151
151
151
153
153
153
154
152
152
152
154
154
154
154
154
154
154
154
153
153
153
153
153
154
154
154
154
152
152
152
152
152
152
152
152
152
151
151
152
154
154
153
154
153
152
152
152
152
150
150
152
152
152
154
154
154
154
154
154
154
152
151
151
151
151
151
151
151
151
151
151
151
151
151
151
152
152
151
152
152
152
154
154
152
152
152
153
153
154
154
154
153
152
151
152
153
153
153
153
153
153
153
153
153
153
152
152
152
152
152
152
152
150
149
151
150
151
151
151
151
151
152
152
152
153
153
153
152
152
153
153
153
153
153
152
153
153
153
153
153
153
151
151
152
151
151
151
151
151
151
151
151
151
153
153
153
153
153
150
150
150
151
150
151
153
153
153
153
153
153
153
153
152
150
151
151
151
153
153
153
155
155
155
155
155
157
157
157
157
157
157
156
156
157
157
157
158
158
158
158
160
160
160
160
160
160
160
160
160
160
160
160
160
160
160
158
158
158
158
158
160
160
160
160
160
160
160
160
160
160
160
160
160
160
160
160
160
160
160
160
160
160
160
160
160
160
160
160
160
160
160
160
160
160
160
160
160
160
160
160
160
160
160
160
158
160
160
160
160
160
160
160
160
160
160
160
160
158
160
160
160
160
160
160
160
160
160
160
160
160
160
160
160
160
160
160
160
160
160
160
160
160
160
160
160
160
160
160
158
156
156
155
155
154
154
156
156
156
155
155
155
155
156
156
156
156
156
156
156
156
156
156
156
156
156
156
156
156
155
155
156
156
157
157
157
157
157
157
157
157
157
157
157
156
156
157
157
157
157
157
157
157
157
157
157
157
157
157
157
157
157
155
155
155
155
155
155
155
155
155
155
155
155
155
155
155
157
158
160
160
160
160
159
159
159
159
159
159
159
159
159
159
159
159
159
160
160
160
160
160
160
160
160
160
160
160
160
160
160
160
160
160
160
160
158
156
158
158
158
158
158
158
158
158
160
160
160
160
160
160
160
160
160
160
160
160
160
160
160
160
160
160
160
160
160
160
160
160
160
160
160
160
160
160
160
160
160
158
158
158
156
156
156
156
156
156
156
155
155
155
155
155
155
155
153
153
153
153
153
153
153
153
153
153
153
154
154
154
154
153
153
153
153
153
153
155
155
155
155
155
157
157
158
158
158
158
158
160
160
160
160
160
160
160
160
158
160
160
160
160
160
160
160
160
1