1 0 0 0 3 4 0 8 0 0 0 0 8 0 0 5 0 0 0 0 4 0 6 0 0 2 1 0 1 8 0 0 0 0 0 0 3 0 0 1 0 2 0 0 6 0 0 0 0 0 0 8 1 0 5 2 0 0 7 0 9 0 0 0 0 6 0 0 9 0 0 0 0 9 0 6 4 0 0 0 2
1 5 2 9 3 4 6 8 7 7 6 3 8 2 1 5 4 9 9 8 4 5 6 7 3 2 1 6 1 8 4 9 3 2 7 5 3 7 5 1 8 2 4 9 6 2 4 9 7 5 6 8 1 3 5 2 1 3 7 8 9 6 4 4 3 6 2 1 9 7 5 8 8 9 7 6 4 5 1 3 2
110
116
120
125
130
133
131
131
131
131
131
132
133
136
136
134
138
138
138
136
136
138
138
139
139
140
140
139
143
142
142
142
142
142
142
143
143
143
143
142
141
141
143
143
144
146
146
146
147
147
147
149
149
149
149
149
150
150
150
152
152
151
151
151
151
152
152
151
151
149
149
149
149
149
149
149
149
149
148
148
148
148
148
148
148
148
148
148
148
146
146
146
148
148
148
148
148
150
150
150
148
147
148
148
148
148
149
149
148
148
149
150
150
149
149
149
150
150
150
150
153
153
154
152
152
152
152
150
152
152
154
156
156
156
156
156
158
158
158
158
160
160
160
160
160
160
160
158
157
157
157
158
158
158
158
158
158
158
158
158
158
158
156
156
156
156
156
156
156
154
154
154
154
154
154
154
154
154
154
154
154
154
154
154
154
154
153
153
153
153
153
153
153
153
153
153
153
153
153
153
153
153
153
153
153
152
152
152
152
152
152
152
151
151
151
151
152
151
152
152
152
152
152
152
152
152
152
152
152
152
152
152
152
152
152
153
153
153
153
153
154
154
155
156
152
152
154
154
154
154
154
154
154
154
154
154
153
152
151
151
152
152
154
154
153
153
153
153
152
154
155
157
157
157
158
158
158
158
158
158
156
156
156
156
158
160
158
158
158
158
158
158
158
158
158
156
156
156
156
156
156
156
156
156
156
156
156
156
158
158
158
158
158
158
158
156
156
156
156
156
155
155
155
155
155
155
156
156
156
154
154
154
154
154
154
154
156
156
156
156
154
154
154
154
154
154
154
154
154
154
153
153
154
154
154
155
155
155
155
155
155
155
156
156
156
156
153
153
153
152
154
155
153
153
154
154
154
154
154
154
154
154
154
157
157
158
158
158
158
158
158
158
158
158
158
158
158
158
158
158
156
154
154
154
154
154
153
151
152
150
150
150
150
150
150
150
149
151
149
151
151
151
151
151
151
151
149
149
149
149
149
152
152
151
153
154
154
152
150
150
151
150
151
151
151
151
154
154
154
154
154
154
154
152
152
152
152
152
152
152
154
154
154
154
153
153
153
153
152
154
154
154
154
154
154
154
154
154
152
154
152
152
152
154
154
154
154
154
154
153
153
153
153
153
153
152
152
152
153
153
153
153
153
152
152
152
153
153
153
153
153
153
153
153
153
153
153
153
153
152
151
151
152
152
153
153
156
156
156
156
156
156
156
156
156
155
153
153
153
152
156
156
155
156
156
156
158
158
158
158
158
158
158
158
158
158
158
158
158
160
160
160
158
158
160
160
160
160
160
160
160
160
160
160
160
160
160
160
160
160
160
160
160
160
160
158
158
158
158
158
158
158
158
158
158
158
158
158
158
158
157
157
158
158
158
158
158
158
158
158
158
158
158
158
158
158
158
158
158
156
156
156
158
158
156
156
156
156
155
155
150
150
151
151
151
154
154
154
156
156
156
158
158
160
160
160
160
160
160
160
160
160
160
160
160
160
160
160
160
160
10