0 0 5 3 0 0 0 0 0 8 0 0 0 0 0 0 2 0 0 7 0 0 1 0 5 0 0 4 0 0 0 0 5 3 0 0 0 1 0 0 7 0 0 0 6 0 0 3 2 0 0 0 8 0 0 6 0 5 0 0 0 0 9 0 0 4 0 0 0 0 3 0 0 0 0 0 0 9 7 0 0
1 4 5 3 2 7 6 9 8 8 3 9 6 5 4 1 2 7 6 7 2 9 1 8 5 4 3 4 9 6 1 8 5 3 7 2 2 1 8 4 7 3 9 5 6 7 5 3 2 9 6 4 8 1 3 6 7 5 4 2 8 1 9 9 8 4 7 6 1 2 3 5 5 2 1 8 3 9 7 6 4
122
124
124
126
126
127
128
129
129
131
133
134
136
136
137
138
138
140
142
140
140
141
141
141
140
140
142
143
144
144
144
144
144
143
143
144
144
146
146
144
146
146
146
145
144
144
143
142
142
142
141
140
140
141
141
142
142
142
142
143
143
144
144
146
146
144
141
142
143
147
146
146
146
144
144
145
145
147
147
146
145
146
148
148
148
147
147
148
148
148
147
149
147
147
148
148
148
148
147
146
146
146
145
143
143
142
140
140
140
142
143
143
144
145
144
142
142
146
146
146
148
148
148
148
147
146
144
145
145
145
145
145
144
144
142
142
141
141
142
142
142
143
143
144
145
145
146
147
146
145
145
147
148
147
149
149
150
150
150
149
149
149
149
149
149
149
150
149
149
149
147
146
148
147
147
148
149
149
149
149
150
150
150
150
149
148
149
149
149
147
149
149
149
150
150
149
150
150
150
150
150
150
150
150
148
148
148
148
148
148
148
148
149
148
148
148
150
151
151
151
151
151
151
151
151
151
151
151
153
153
153
153
153
154
154
154
154
154
154
154
154
154
154
155
153
153
153
151
148
146
149
150
150
150
150
150
150
149
149
147
147
147
149
149
149
147
147
149
149
149
149
149
149
149
149
149
149
149
148
148
147
147
147
147
146
147
147
148
147
148
149
149
149
149
149
148
147
147
147
148
148
148
148
148
148
148
148
147
147
147
146
147
146
148
148
148
148
148
147
148
148
148
148
148
147
145
145
144
145
148
147
147
147
147
147
146
144
144
144
143
143
143
143
142
143
143
143
141
141
142
144
144
147
147
150
150
151
152
152
152
152
152
152
150
150
149
149
150
149
149
149
148
148
150
150
150
150
150
152
152
152
150
150
150
150
152
152
152
152
152
152
152
152
152
152
152
152
152
152
152
152
152
152
152
152
152
152
152
152
152
152
151
151
151
151
151
151
151
152
152
152
151
151
153
153
153
153
153
153
153
153
152
152
152
154
154
155
155
155
155
155
156
156
156
156
156
156
156
154
154
154
154
153
151
151
151
153
153
153
153
153
153
153
153
153
152
152
152
152
152
149
149
149
149
149
149
148
148
148
147
147
147
147
147
147
147
147
147
146
146
143
141
141
142
143
143
143
143
142
143
144
144
144
144
144
145
145
145
147
147
147
146
147
147
148
149
149
149
149
149
149
149
149
150
150
150
150
149
149
149
149
150
150
150
150
148
148
150
149
151
151
151
151
151
151
152
152
152
152
154
154
154
153
153
153
153
153
151
151
149
149
149
149
152
152
152
153
153
153
153
151
149
151
151
151
151
150
153
153
154
154
154
152
152
152
150
149
149
149
149
149
150
150
152
152
152
152
152
150
149
149
149
150
152
151
153
153
153
153
153
155
155
155
155
155
155
155
155
155
155
155
155
155
154
154
154
154
154
154
154
154
154
154
154
154
152
153
153
155
155
155
155
155
155
155
157
157
158
158
158
158
158
159
159
159
159
157
157
157
157
157
157
157
157
157
157
157
154
154
154
154
154
154
155
155
155
155
155
155
155
155
155
155
155
155
155
155
155
155
155
155
156
156
156
156
156
156
156
156
156
154
156
156
156
156
156
156
156
157
157
159
159
159
159
159
159
159
159
159
159
157
157
156
156
156
158
158
158
158
158
158
158
158
158
158
158
158
158
158
158
158
158
158
158
159
159
159
159
159
159
159
159
159
159
159
159
159
159
159
159
158
158
158
158
158
158
158
158
158
158
158
156
158
158
158
158
158
158
158
158
156
156
156
156
156
160
160
160
160
160
160
160
160
160
160
160
160
160
159
159
159
159
159
160
160
160
160
160
160
160
160
160
160
160
160
160
160
160
160
160
160
160
160
160
160
160
160
160
160
160
160
160
160
160
160
160
158
158
158
158
158
158
158
158
158
160
160
160
160
160
160
160
160
160
160
160
160
160
160
160
160
160
160
160
160
160
160
160
160
160
160
160
160
160
160
160
160
160
160
160
160
160
160
160
160
160
160
160
160
160
160
160
160
160
160
160
160
160
160
160
160
160
160
160
160
160
160
160
160
160
160
160
160
157
157
157
157
156
156
156
156
156
155
155
155
156
155
155
155
154
154
154
154
154
154
153
153
153
153
151
152
155
155
155
155
155
155
155
155
155
155
155
155
155
155
155
155
155
155
155
155
155
155
155
155
155
155
155
155
155
155
155
153
154
154
154
154
153
152
152
154
154
154
154
154
154
154
154
155
155
155
155
155
155
155
155
154
155
155
155
155
155
155
155
155
155
155
155
155
155
154
155
155
155
155
155
155
154
156
156
156
156
156
156
156
156
156
156
156
156
156
156
156
156
156
156
156
156
156
156
156
156
156
156
156
156
156
156
156
154
154
154
154
156
156
156
156
156
156
156
154
154
156
156
156
156
156
156
156
156
156
156
156
156
156
156
156
156
156
156
156
156
156
156
156
156
156
158
158
158
158
158
158
158
158
158
158
158
158
158
158
158
158
158
158
158
158
158
158
158
158
158
158
158
158
158
158
158
158
158
157
157
157
157
157
157
157
157
157
157
155
153
152
150
150
150
150
150
150
154
154
154
154
154
154
154
154
154
154
154
154
154
154
154
154
153
153
153
153
153
153
153
153
153
154
154
154
154
154
155
155
155
155
155
154
154
154
154
154
153
153
153
153
153
153
153
154
154
154
154
154
154
151
151
151
153
153
153
153
153
153
153
151
151
152
152
152
150
150
153
153
155
157
157
157
157
155
155
155
155
155
155
155
154
154
155
155
155
155
155
155
156
156
156
156
156
156
156
156
156
156
156
156
156
156
156
156
156
156
156
156
156
156
155
155
156
156
155
156
156
156
156
156
154
154
154
154
154
154
154
154
155
155
155
155
155
155
155
155
156
155
155
155
155
155
155
155
155
155
155
155
153
155
153
153
153
152
153
153
152
153
153
153
153
153
153
153
153
153
153
153
153
153
153
153
152
154
154
154
154
154
154
154
154
154
154
154
154
154
154
154
154
154
154
154
154
154
153
153
153
153
153
154
154
153
153
153
153
153
153
153
153
153
153
153
153
153
153
154
154
154
152
150
150
150
150
150
148
148
148
149
150
149
150
150
150
151
151
151
151
151
150
150
150
150
149
149
149
149
149
149
149
149
150
151
151
151
151
150
151
151
151
151
152
154
154
154
154
154
154
154
154
154
152
151
151
151
151
151
151
152
152
154
154
154
154
154
154
154
154
154
154
158
158
158
158
158
158
158
158
158
158
158
158
158
158
158
158
158
158
158
158
158
158
158
158
158
158
158
158
158
158
158
158
158
158
158
158
158
158
158
158
158
158
158
158
158
158
156
156
156
156
156
158
158
158
158
158
158
158
158
158
158
158
158
158
158
158
158
158
158
158
159
159
159
160
160
160
160
11