7 0 0 0 0 0 4 0 0 0 2 0 0 7 0 0 8 0 0 0 3 0 0 8 0 7 9 9 0 0 5 0 0 3 0 0 0 6 0 0 2 0 0 9 0 0 0 1 0 9 7 0 0 6 0 0 0 3 0 0 9 0 0 0 3 0 0 4 0 0 6 0 0 0 9 0 0 1 0 3 5
7 9 8 6 3 5 4 2 1 1 2 6 9 7 4 5 8 3 4 5 3 2 1 8 6 7 9 9 7 2 5 8 6 3 1 4 5 6 4 1 2 3 8 9 7 3 8 1 4 9 7 2 5 6 6 1 7 3 5 2 9 4 8 8 3 5 7 4 9 1 6 2 2 4 9 8 6 1 7 3 5
125
126
127
132
132
130
131
131
132
135
136
135
135
136
140
142
141
142
142
142
141
140
141
141
140
142
142
142
142
142
142
142
142
142
142
143
142
143
143
145
145
145
145
145
145
150
150
150
149
149
148
150
151
151
151
151
151
151
151
151
151
151
153
153
153
153
153
153
154
154
154
151
151
151
151
151
151
152
152
152
152
152
151
152
152
151
151
151
151
151
151
151
151
150
150
150
150
150
150
150
149
149
149
149
150
150
150
150
150
150
150
154
154
154
154
154
150
150
150
150
150
150
149
148
148
147
149
149
149
147
147
147
147
147
147
147
147
149
149
148
148
148
148
145
146
147
149
149
147
147
148
150
150
150
149
149
147
144
144
144
143
145
147
147
147
146
146
146
146
145
144
142
142
142
144
146
149
149
149
149
149
149
149
149
149
150
151
151
151
151
152
152
151
150
150
150
150
152
152
152
152
151
150
150
150
150
150
150
148
148
150
150
150
150
150
150
151
152
152
152
152
152
152
152
152
152
152
152
152
152
152
150
152
152
152
152
152
152
153
154
154
154
154
154
154
154
154
154
154
154
154
154
154
154
154
154
154
154
154
154
153
153
153
153
151
151
151
150
150
152
152
151
152
152
152
152
152
150
150
150
150
151
150
150
150
150
150
150
150
150
150
150
150
151
151
151
151
151
149
149
149
150
149
149
149
149
149
149
149
149
149
149
147
145
148
148
148
148
148
148
146
145
147
148
148
148
148
148
148
148
149
150
150
150
150
151
151
151
151
150
150
150
150
151
151
150
147
148
148
148
150
150
150
150
150
150
150
150
150
150
149
150
150
150
150
150
150
150
150
149
149
149
149
149
149
149
149
149
149
149
149
149
149
149
149
149
149
149
149
149
149
150
150
149
149
150
149
150
152
153
153
153
153
153
153
153
154
154
154
150
154
152
152
152
154
154
154
154
154
154
154
154
154
154
154
154
154
154
154
156
156
156
156
156
156
156
156
156
156
156
156
156
156
156
156
155
155
155
155
155
155
155
155
155
156
156
156
156
156
156
156
155
155
155
153
153
153
153
153
153
153
153
151
149
149
149
150
150
150
150
150
150
150
151
151
151
151
153
153
153
153
153
153
153
153
153
153
153
149
153
153
153
151
153
153
154
154
152
152
152
152
152
152
152
152
152
152
152
152
153
153
153
153
151
154
154
154
154
154
154
156
156
156
156
155
155
156
156
156
155
155
155
155
155
155
156
156
156
155
155
155
155
155
154
154
154
154
153
155
155
155
156
156
156
156
156
156
156
156
156
156
157
157
157
157
157
157
157
157
157
157
157
157
157
157
157
157
157
157
157
157
157
157
157
157
157
157
157
157
157
157
157
154
154
155
155
155
155
155
155
155
156
157
157
157
157
157
157
155
155
155
155
155
154
154
154
155
155
153
153
153
155
155
155
155
156
156
155
155
155
155
155
154
154
154
156
156
156
156
156
156
156
156
156
156
156
156
156
156
156
156
155
154
156
156
156
156
154
154
153
154
154
154
154
155
156
156
155
155
155
155
155
155
156
156
156
156
154
153
153
153
153
153
155
155
155
155
155
155
155
155
155
155
155
155
156
156
156
156
156
156
156
156
156
156
156
156
156
156
156
156
156
156
156
156
156
156
156
156
156
156
156
155
155
155
155
155
156
156
156
156
156
156
156
156
156
156
154
154
155
155
155
155
155
155
156
156
156
156
156
156
156
156
156
156
156
156
156
156
156
156
156
156
155
153
153
153
153
152
153
153
149
149
149
149
149
148
149
149
149
149
149
151
151
150
150
150
150
150
150
150
150
150
150
150
150
150
150
150
151
151
151
151
151
152
152
154
154
154
154
154
154
154
154
154
154
154
154
154
154
154
154
154
154
156
156
156
156
156
155
153
153
153
155
154
154
154
154
154
154
155
155
155
155
156
155
155
155
155
155
155
155
155
155
155
154
154
155
155
155
155
154
154
154
154
154
154
154
154
154
154
153
153
153
153
152
152
153
153
152
152
152
151
151
151
152
151
151
151
150
150
148
148
149
149
149
149
149
149
149
152
152
154
154
155
155
155
155
155
155
155
155
155
157
157
157
157
157
157
157
155
155
155
155
155
155
155
155
157
157
157
157
157
157
157
157
157
157
157
157
157
157
157
157
157
157
157
157
157
157
157
157
157
157
157
157
157
157
157
157
157
157
157
157
158
158
158
158
156
158
158
158
158
158
158
158
158
156
156
156
156
156
155
155
155
155
155
155
156
156
156
156
156
156
156
156
156
156
156
156
156
156
156
156
156
156
156
155
155
155
155
155
155
155
155
156
156
156
156
156
156
156
156
157
157
157
157
157
155
155
153
151
151
151
151
151
151
151
151
151
151
155
155
155
155
155
155
155
155
155
155
155
155
155
155
154
154
155
155
155
157
157
157
157
157
157
157
157
157
157
159
159
159
159
159
159
159
159
159
158
158
158
158
158
158
158
158
158
158
158
158
158
158
158
158
158
158
158
158
158
158
158
158
158
159
159
159
159
159
159
159
159
159
159
159
159
159
159
159
159
159
159
159
159
159
159
159
159
159
159
159
159
159
159
159
159
159
159
159
157
157
157
157
157
157
157
157
156
156
156
156
156
156
156
156
157
159
160
158
158
158
158
158
158
158
160
160
160
160
160
160
160
160
160
160
160
160
160
160
160
160
160
160
160
160
160
160
160
160
160
160
160
160
160
160
160
158
158
158
158
158
158
158
158
158
158
158
158
158
158
158
158
158
158
158
158
158
158
158
158
158
158
158
158
158
158
158
158
158
158
158
158
158
158
158
158
158
158
158
158
158
158
158
158
158
157
157
157
157
157
157
157
157
157
158
158
158
158
158
158
158
158
158
158
158
158
156
156
156
156
156
156
156
156
156
156
156
156
156
156
156
156
156
156
156
156
156
156
156
156
156
156
156
156
156
156
156
156
156
155
155
156
156
156
156
156
156
156
156
156
156
156
156
156
156
156
156
156
156
156
156
156
156
156
156
156
156
156
156
156
156
156
156
156
156
155
155
155
155
155
155
155
155
155
155
155
155
154
154
154
154
154
154
154
154
154
154
154
154
154
154
156
156
157
157
157
157
157
157
158
158
158
158
158
158
158
158
158
158
158
158
158
158
158
158
158
158
158
158
158
158
158
158
158
158
158
158
158
158
158
157
157
157
157
157
157
157
157
157
157
157
157
157
157
159
159
159
159
159
159
159
159
159
159
159
159
158
158
158
158
158
158
158
158
158
158
158
158
158
158
158
158
158
158
158
158
156
156
156
158
158
158
158
158
158
158
158
158
158
158
158
158
158
158
158
158
158
158
158
158
158
158
158
158
158
158
158
158
158
158
158
158
158
158
157
157
157
157
157
158
158
158
158
158
158
158
158
158
158
158
156
156
156
156
158
158
158
158
158
158
158
158
158
158
158
158
158
158
158
158
158
158
158
158
158
158
158
158
158
158
158
158
158
158
158
158
158
158
158
158
158
158
158
158
158
158
158
158
158
158
158
158
158
158
158
158
158
158
158
158
158
158
158
158
160
160
160
160
160
10