1 0 0 0 0 7 0 9 0 0 3 0 0 2 0 0 0 8 0 0 9 6 0 0 5 0 0 0 0 5 3 0 0 9 0 0 0 1 0 0 8 0 0 0 2 6 0 0 0 0 4 0 0 0 3 0 0 0 0 0 0 1 0 0 4 0 0 0 0 0 0 7 0 0 7 0 0 0 3 0 0
1 6 2 8 5 7 4 9 3 5 3 4 1 2 9 6 7 8 7 8 9 6 4 3 5 2 1 4 7 5 3 1 2 9 8 6 9 1 3 5 8 6 7 4 2 6 2 8 7 9 4 1 3 5 3 5 6 4 7 8 2 1 9 2 4 1 9 3 5 8 6 7 8 9 7 2 6 1 3 5 4
117
118
124
126
130
131
131
130
131
134
134
135
136
136
138
138
138
138
138
137
137
137
137
135
134
136
136
138
139
142
142
143
142
141
140
141
142
142
142
143
143
143
144
144
145
145
145
145
145
144
143
143
143
143
144
144
143
142
143
143
143
142
142
143
143
145
145
145
143
143
144
144
144
144
142
142
142
142
144
143
145
145
145
145
144
144
145
145
145
145
146
146
143
143
143
145
145
144
142
144
144
144
145
145
146
145
145
145
145
145
147
147
147
147
147
148
148
148
150
150
150
149
151
153
153
153
153
153
153
153
153
152
152
152
152
151
153
153
153
153
153
151
151
150
151
151
149
149
149
151
151
151
151
150
150
150
150
150
150
151
151
151
151
151
151
149
149
149
149
147
147
146
145
146
145
143
143
143
143
143
139
143
143
143
143
144
143
144
144
144
144
143
143
144
144
144
144
144
143
142
142
142
142
142
143
143
144
146
146
146
146
148
146
146
147
146
147
147
147
147
147
146
148
148
149
150
149
153
154
154
154
153
153
153
153
153
153
153
153
153
151
151
151
153
153
153
153
155
155
153
153
155
155
155
155
155
155
153
151
151
150
150
149
149
149
149
149
151
151
151
151
151
151
152
152
152
152
152
151
151
151
151
151
151
152
152
152
152
152
150
150
152
152
152
152
152
151
151
153
153
153
156
156
156
156
154
154
154
155
155
154
152
152
152
153
154
154
155
155
153
154
154
154
154
154
154
154
154
154
154
154
156
156
156
154
154
155
155
155
154
154
154
154
154
154
154
154
154
152
155
157
157
157
157
156
156
156
156
156
156
156
156
156
155
155
155
155
155
156
156
156
156
156
156
154
154
154
154
154
154
154
154
154
154
154
154
154
154
154
153
153
152
152
152
153
154
154
154
154
154
154
152
152
152
150
150
150
150
150
150
148
148
150
148
148
148
148
148
148
148
148
147
147
147
147
147
147
145
145
145
145
145
145
146
149
149
149
148
148
148
148
148
148
149
149
149
149
151
151
151
151
151
151
150
150
149
149
149
149
151
153
153
153
152
152
152
153
153
153
153
153
153
153
153
153
153
153
153
151
150
150
150
150
150
151
153
153
151
151
151
151
151
150
150
150
151
151
151
151
151
151
151
151
151
153
153
153
153
153
155
155
155
155
154
154
154
154
154
154
154
154
154
152
152
152
152
152
152
152
152
152
152
150
150
150
150
152
152
152
152
152
152
152
151
151
152
151
150
151
152
152
152
152
152
152
150
151
152
152
152
152
152
152
151
149
149
149
149
149
149
149
149
149
149
149
148
149
149
150
149
149
149
150
150
150
150
150
150
149
149
149
149
145
145
145
149
153
153
153
153
152
152
152
152
152
152
151
151
151
151
151
151
151
151
151
151
151
153
153
153
153
153
153
153
153
153
153
153
153
153
153
153
153
153
153
153
152
152
150
150
150
150
151
151
151
151
151
151
151
151
151
151
152
152
152
152
152
152
152
152
152
152
152
152
152
152
152
151
151
151
151
151
151
151
150
150
150
150
150
150
150
150
150
150
150
149
148
149
149
149
149
150
150
150
150
150
150
150
150
150
150
150
150
150
149
150
150
149
149
149
149
149
149
149
149
149
149
149
149
149
148
148
148
148
148
148
148
148
148
152
152
152
152
152
151
151
151
151
151
150
150
148
148
148
148
148
148
148
148
148
148
147
147
148
147
147
145
146
146
146
146
146
146
148
148
148
148
148
148
148
148
148
148
148
148
148
148
148
148
148
148
148
148
148
148
148
148
148
148
148
148
148
148
148
148
148
148
148
148
146
146
146
146
145
145
145
145
145
146
146
146
146
146
146
146
146
146
146
146
146
146
146
146
147
148
148
148
147
147
147
147
148
148
148
148
148
148
148
149
149
149
149
150
150
150
150
152
153
153
152
152
152
154
154
154
155
154
152
152
152
152
152
152
152
152
153
154
154
156
156
156
156
156
156
156
156
156
156
156
156
156
156
156
156
155
155
155
155
155
155
155
155
155
155
155
155
155
155
155
155
154
154
154
154
153
153
153
153
153
152
154
154
154
154
154
154
154
154
154
155
155
154
154
154
154
154
154
154
154
154
154
154
155
155
156
156
156
156
156
156
156
156
156
156
156
156
156
156
156
156
156
156
154
154
154
153
152
153
153
153
152
153
152
153
152
151
152
152
152
151
149
149
149
150
150
151
149
149
151
152
152
152
152
152
152
152
152
152
153
153
153
153
153
153
153
153
153
153
153
153
153
153
153
153
153
153
153
154
154
154
154
154
154
154
154
154
154
154
154
154
154
154
154
154
154
154
154
154
154
154
154
154
154
154
154
154
154
154
154
153
153
153
153
153
153
153
153
153
153
153
153
153
153
153
153
153
153
153
151
151
151
149
149
149
149
149
149
149
149
149
148
148
149
149
150
151
154
154
156
156
156
156
156
156
156
156
156
156
156
158
158
158
158
157
158
158
158
158
158
158
158
158
158
158
158
158
158
158
158
158
158
158
158
158
158
158
158
158
158
158
158
158
158
158
158
158
158
158
158
158
158
158
158
158
158
158
158
158
158
158
157
157
157
157
157
157
157
157
157
157
158
158
158
158
157
157
157
157
157
157
157
156
156
158
158
158
158
158
158
158
158
158
158
158
158
158
158
158
157
157
157
157
157
157
157
157
157
157
157
157
158
158
158
158
158
158
158
156
156
156
156
155
155
155
155
155
155
155
153
153
153
153
151
149
149
149
150
150
150
150
150
150
150
150
150
150
150
154
153
153
154
154
154
154
154
154
154
154
154
154
154
154
154
154
154
154
154
154
154
154
154
154
154
154
154
154
154
153
153
151
153
154
154
154
154
154
154
154
154
154
154
154
154
154
154
154
155
157
157
157
157
157
158
156
156
156
156
156
156
156
156
156
156
156
156
156
156
156
156
156
158
158
158
158
158
158
158
158
158
158
158
158
158
160
160
160
160
160
160
160
160
160
160
160
160
160
160
160
160
160
160
160
160
160
160
160
160
160
160
160
160
160
160
160
160
160
160
160
160
160
160
160
160
160
160
160
160
160
160
160
160
160
160
160
160
160
160
160
160
160
160
160
160
160
160
160
158
157
159
159
159
159
159
159
159
159
159
159
159
159
159
159
159
159
159
159
159
159
159
159
159
159
159
159
159
159
159
160
159
159
159
159
159
159
159
159
159
160
160
160
160
160
160
160
160
160
160
160
160
160
160
160
160
160
160
160
160
160
160
160
160
160
160
160
160
160
160
160
160
160
160
160
160
160
160
160
160
160
160
160
160
160
160
160
160
160
160
160
158
158
158
158
158
158
160
160
160
160
160
160
160
160
160
160
160
160
160
160
160
160
160
160
160
160
160
160
160
160
160
160
160
160
160
160
160
160
160
160
160
160
160
160
160
160
160
160
160
160
160
160
160
160
160
160
160
160
160
160
159
159
157
157
157
157
155
155
155
154
155
155
155
155
155
155
155
156
156
156
156
156
156
156
156
156
154
154
154
154
154
156
156
156
156
156
156
156
157
157
157
157
157
157
157
158
158
158
158
158
158
158
158
158
158
158
158
158
158
158
158
158
158
158
158
158
158
158
158
158
158
158
158
158
158
158
158
158
158
158
158
158
158
158
158
158
158
158
158
158
158
158
158
158
158
158
158
158
158
157
157
157
157
158
158
158
158
158
158
158
158
158
158
158
158
158
158
158
158
158
158
158
158
158
158
158
158
158
158
158
158
158
158
157
157
157
157
157
157
157
157
157
157
157
157
157
158
156
156
156
156
156
156
156
156
156
156
156
156
156
156
156
156
160
160
160
160
160
160
160
160
5